Frame;Elapsed_Time_In_Milliseconds;Time;Hand_X;Hand_Y;Hand_Z;Thumb_CMC_X;Thumb_CMC_Y;Thumb_CMC_Z;Thumb_MCP_X;Thumb_MCP_Y;Thumb_MCP_Z;Thumb_DIP_X;Thumb_DIP_Y;Thumb_DIP_Z;Thumb_TIP_X;Thumb_TIP_Y;Thumb_TIP_Z;Index_CMC_X;Index_CMC_Y;Index_CMC_Z;Index_MCP_X;Index_MCP_Y;Index_MCP_Z;Index_PIP_X;Index_PIP_Y;Index_PIP_Z;Index_DIP_X;Index_DIP_Y;Index_DIP_Z;Index_TIP_X;Index_TIP_Y;Index_TIP_Z;Middle_CMC_X;Middle_CMC_Y;Middle_CMC_Z;Middle_MCP_X;Middle_MCP_Y;Middle_MCP_Z;Middle_PIP_X;Middle_PIP_Y;Middle_PIP_Z;Middle_DIP_X;Middle_DIP_Y;Middle_DIP_Z;Middle_TIP_X;Middle_TIP_Y;Middle_TIP_Z;Ring_CMC_X;Ring_CMC_Y;Ring_CMC_Z;Ring_MCP_X;Ring_MCP_Y;Ring_MCP_Z;Ring_PIP_X;Ring_PIP_Y;Ring_PIP_Z;Ring_DIP_X;Ring_DIP_Y;Ring_DIP_Z;Ring_TIP_X;Ring_TIP_Y;Ring_TIP_Z;Pinky_CMC_X;Pinky_CMC_Y;Pinky_CMC_Z;Pinky_MCP_X;Pinky_MCP_Y;Pinky_MCP_Z;Pinky_PIP_X;Pinky_PIP_Y;Pinky_PIP_Z;Pinky_DIP_X;Pinky_DIP_Y;Pinky_DIP_Z;Pinky_TIP_X;Pinky_TIP_Y;Pinky_TIP_Z;Hand_X;Hand_Y;Hand_Z;Thumb_CMC_X;Thumb_CMC_Y;Thumb_CMC_Z;Thumb_MCP_X;Thumb_MCP_Y;Thumb_MCP_Z;Thumb_DIP_X;Thumb_DIP_Y;Thumb_DIP_Z;Thumb_TIP_X;Thumb_TIP_Y;Thumb_TIP_Z;Index_CMC_X;Index_CMC_Y;Index_CMC_Z;Index_MCP_X;Index_MCP_Y;Index_MCP_Z;Index_PIP_X;Index_PIP_Y;Index_PIP_Z;Index_DIP_X;Index_DIP_Y;Index_DIP_Z;Index_TIP_X;Index_TIP_Y;Index_TIP_Z;Middle_CMC_X;Middle_CMC_Y;Middle_CMC_Z;Middle_MCP_X;Middle_MCP_Y;Middle_MCP_Z;Middle_PIP_X;Middle_PIP_Y;Middle_PIP_Z;Middle_DIP_X;Middle_DIP_Y;Middle_DIP_Z;Middle_TIP_X;Middle_TIP_Y;Middle_TIP_Z;Ring_CMC_X;Ring_CMC_Y;Ring_CMC_Z;Ring_MCP_X;Ring_MCP_Y;Ring_MCP_Z;Ring_PIP_X;Ring_PIP_Y;Ring_PIP_Z;Ring_DIP_X;Ring_DIP_Y;Ring_DIP_Z;Ring_TIP_X;Ring_TIP_Y;Ring_TIP_Z;Pinky_CMC_X;Pinky_CMC_Y;Pinky_CMC_Z;Pinky_MCP_X;Pinky_MCP_Y;Pinky_MCP_Z;Pinky_PIP_X;Pinky_PIP_Y;Pinky_PIP_Z;Pinky_DIP_X;Pinky_DIP_Y;Pinky_DIP_Z;Pinky_TIP_X;Pinky_TIP_Y;Pinky_TIP_Z;Hand_Velocity_X;Hand_Velocity_Y;Hand_Velocity_Z;Thumb_CMC_Velocity_X;Thumb_CMC_Velocity_Y;Thumb_CMC_Velocity_Z;Thumb_MCP_Velocity_X;Thumb_MCP_Velocity_Y;Thumb_MCP_Velocity_Z;Thumb_DIP_Velocity_X;Thumb_DIP_Velocity_Y;Thumb_DIP_Velocity_Z;Thumb_TIP_Velocity_X;Thumb_TIP_Velocity_Y;Thumb_TIP_Velocity_Z;Index_CMC_Velocity_X;Index_CMC_Velocity_Y;Index_CMC_Velocity_Z;Index_MCP_Velocity_X;Index_MCP_Velocity_Y;Index_MCP_Velocity_Z;Index_PIP_Velocity_X;Index_PIP_Velocity_Y;Index_PIP_Velocity_Z;Index_DIP_Velocity_X;Index_DIP_Velocity_Y;Index_DIP_Velocity_Z;Index_TIP_Velocity_X;Index_TIP_Velocity_Y;Index_TIP_Velocity_Z;Middle_CMC_Velocity_X;Middle_CMC_Velocity_Y;Middle_CMC_Velocity_Z;Middle_MCP_Velocity_X;Middle_MCP_Velocity_Y;Middle_MCP_Velocity_Z;Middle_PIP_Velocity_X;Middle_PIP_Velocity_Y;Middle_PIP_Velocity_Z;Middle_DIP_Velocity_X;Middle_DIP_Velocity_Y;Middle_DIP_Velocity_Z;Middle_TIP_Velocity_X;Middle_TIP_Velocity_Y;Middle_TIP_Velocity_Z;Ring_CMC_Velocity_X;Ring_CMC_Velocity_Y;Ring_CMC_Velocity_Z;Ring_MCP_Velocity_X;Ring_MCP_Velocity_Y;Ring_MCP_Velocity_Z;Ring_PIP_Velocity_X;Ring_PIP_Velocity_Y;Ring_PIP_Velocity_Z;Ring_DIP_Velocity_X;Ring_DIP_Velocity_Y;Ring_DIP_Velocity_Z;Ring_TIP_Velocity_X;Ring_TIP_Velocity_Y;Ring_TIP_Velocity_Z;Pinky_CMC_Velocity_X;Pinky_CMC_Velocity_Y;Pinky_CMC_Velocity_Z;Pinky_MCP_Velocity_X;Pinky_MCP_Velocity_Y;Pinky_MCP_Velocity_Z;Pinky_PIP_Velocity_X;Pinky_PIP_Velocity_Y;Pinky_PIP_Velocity_Z;Pinky_DIP_Velocity_X;Pinky_DIP_Velocity_Y;Pinky_DIP_Velocity_Z;Pinky_TIP_Velocity_X;Pinky_TIP_Velocity_Y;Pinky_TIP_Velocity_Z;Hand_Acceleration_X;Hand_Acceleration_Y;Hand_Acceleration_Z;Thumb_CMC_Acceleration_X;Thumb_CMC_Acceleration_Y;Thumb_CMC_Acceleration_Z;Thumb_MCP_Acceleration_X;Thumb_MCP_Acceleration_Y;Thumb_MCP_Acceleration_Z;Thumb_DIP_Acceleration_X;Thumb_DIP_Acceleration_Y;Thumb_DIP_Acceleration_Z;Thumb_TIP_Acceleration_X;Thumb_TIP_Acceleration_Y;Thumb_TIP_Acceleration_Z;Index_CMC_Acceleration_X;Index_CMC_Acceleration_Y;Index_CMC_Acceleration_Z;Index_MCP_Acceleration_X;Index_MCP_Acceleration_Y;Index_MCP_Acceleration_Z;Index_PIP_Acceleration_X;Index_PIP_Acceleration_Y;Index_PIP_Acceleration_Z;Index_DIP_Acceleration_X;Index_DIP_Acceleration_Y;Index_DIP_Acceleration_Z;Index_TIP_Acceleration_X;Index_TIP_Acceleration_Y;Index_TIP_Acceleration_Z;Middle_CMC_Acceleration_X;Middle_CMC_Acceleration_Y;Middle_CMC_Acceleration_Z;Middle_MCP_Acceleration_X;Middle_MCP_Acceleration_Y;Middle_MCP_Acceleration_Z;Middle_PIP_Acceleration_X;Middle_PIP_Acceleration_Y;Middle_PIP_Acceleration_Z;Middle_DIP_Acceleration_X;Middle_DIP_Acceleration_Y;Middle_DIP_Acceleration_Z;Middle_TIP_Acceleration_X;Middle_TIP_Acceleration_Y;Middle_TIP_Acceleration_Z;Ring_CMC_Acceleration_X;Ring_CMC_Acceleration_Y;Ring_CMC_Acceleration_Z;Ring_MCP_Acceleration_X;Ring_MCP_Acceleration_Y;Ring_MCP_Acceleration_Z;Ring_PIP_Acceleration_X;Ring_PIP_Acceleration_Y;Ring_PIP_Acceleration_Z;Ring_DIP_Acceleration_X;Ring_DIP_Acceleration_Y;Ring_DIP_Acceleration_Z;Ring_TIP_Acceleration_X;Ring_TIP_Acceleration_Y;Ring_TIP_Acceleration_Z;Pinky_CMC_Acceleration_X;Pinky_CMC_Acceleration_Y;Pinky_CMC_Acceleration_Z;Pinky_MCP_Acceleration_X;Pinky_MCP_Acceleration_Y;Pinky_MCP_Acceleration_Z;Pinky_PIP_Acceleration_X;Pinky_PIP_Acceleration_Y;Pinky_PIP_Acceleration_Z;Pinky_DIP_Acceleration_X;Pinky_DIP_Acceleration_Y;Pinky_DIP_Acceleration_Z;Pinky_TIP_Acceleration_X;Pinky_TIP_Acceleration_Y;Pinky_TIP_Acceleration_Z;Pinch_ThumbToIndex;Pinch_ThumbToMiddle;Pinch_ThumbToRing;Pinch_ThumbToPinky;Thumb_CMC_Spread;Thumb_CMC_Flex;Thumb_PIP_Flex;Thumb_DIP_Flex;Index_MCP_Spread;Index_MCP_Flex;Index_PIP_Flex;Index_DIP_Flex;Middle_MCP_Spread;Middle_MCP_Flex;Middle_PIP_Flex;Middle_DIP_Flex;Ring_MCP_Spread;Ring_MCP_Flex;Ring_PIP_Flex;Ring_DIP_Flex;Pinky_MCP_Spread;Pinky_MCP_Flex;Pinky_PIP_Flex;Pinky_DIP_Flex;Thumb_CMC_Spread_AngularVelocity;Thumb_CMC_Flex_AngularVelocity;Thumb_PIP_Flex_AngularVelocity;Thumb_DIP_Flex_AngularVelocity;Index_MCP_Spread_AngularVelocity;Index_MCP_Flex_AngularVelocity;Index_PIP_Flex_AngularVelocity;Index_DIP_Flex_AngularVelocity;Middle_MCP_Spread_AngularVelocity;Middle_MCP_Flex_AngularVelocity;Middle_PIP_Flex_AngularVelocity;Middle_DIP_Flex_AngularVelocity;Ring_MCP_Spread_AngularVelocity;Ring_MCP_Flex_AngularVelocity;Ring_PIP_Flex_AngularVelocity;Ring_DIP_Flex_AngularVelocity;Pinky_MCP_Spread_AngularVelocity;Pinky_MCP_Flex_AngularVelocity;Pinky_PIP_Flex_AngularVelocity;Pinky_DIP_Flex_AngularVelocity;Thumb_CMC_Spread_AngularAcceleration;Thumb_CMC_Flex_AngularAcceleration;Thumb_PIP_Flex_AngularAcceleration;Thumb_DIP_Flex_AngularAcceleration;Index_MCP_Spread_AngularAcceleration;Index_MCP_Flex_AngularAcceleration;Index_PIP_Flex_AngularAcceleration;Index_DIP_Flex_AngularAcceleration;Middle_MCP_Spread_AngularAcceleration;Middle_MCP_Flex_AngularAcceleration;Middle_PIP_Flex_AngularAcceleration;Middle_DIP_Flex_AngularAcceleration;Ring_MCP_Spread_AngularAcceleration;Ring_MCP_Flex_AngularAcceleration;Ring_PIP_Flex_AngularAcceleration;Ring_DIP_Flex_AngularAcceleration;Pinky_MCP_Spread_AngularAcceleration;Pinky_MCP_Flex_AngularAcceleration;Pinky_PIP_Flex_AngularAcceleration;Pinky_DIP_Flex_AngularAcceleration
0;0;00:00:00:000;0;0;0;-1,818305;-2,13492;4,200593;-3,612482;-2,830488;8,551536;-5,332907;-3,317984;12,22236;-6,711617;-3,657844;15,00358;-2,25062;-1,411064;3,417351;-8,878881;-1,455032;7,038427;-13,34996;-1,91422;9,409716;-15,68736;-2,018996;10,76809;-17,50491;-1,984561;11,92599;-2,813587;-0,505923;2,397366;-9,712547;-0,07766;5,438518;-14,81652;0,711075;7,687834;-17,47644;1,359347;9,043271;-19,55553;2,07033;10,26267;-3,343823;0,262097;1,436595;-9,878627;1,119409;3,614942;-14,37087;1,772658;5,669572;-16,68721;2,502406;7,057632;-18,5435;3,463664;8,506232;-3,848764;1,034986;0,521701;-9,522907;2,309062;1,582843;-13,14704;2,914948;3,078634;-14,94184;3,352843;3,925111;-16,88033;4,011631;4,985015;-47,16652;44,74369;123,1611;16,056;17,88567;-115,6692;19,15007;17,88565;-115,6692;20,67633;17,83389;-115,2118;20,67634;17,83389;-115,2118;-47,54649;44,74368;123,1611;-50,88846;42,29419;124,5472;-46,7601;42,86894;125,176;-42,16957;43,54401;126,1704;-42,33264;43,38772;125,9333;-52,43221;48,66122;116,4558;-51,04609;50,57048;113,1983;-47,31906;49,11918;111,1879;-43,46783;48,04102;109,235;-43,29135;48,19056;109,4721;-59,04152;52,40731;107,9487;-51,48528;48,53447;112,5371;-43,16964;47,1268;110,512;-36,64576;44,77351;106,0568;-36,4297;44,93442;106,3632;-71,03627;56,46959;93,32843;-53,94876;50,1585;109,71;-50,66387;48,91725;107,9942;-48,36853;46,2094;103,9148;-48,1708;46,42118;104,1883;0;0;0;0;0;0;0;0;0;0;0;0;0;0;0;0;0;0;0;0;0;0;0;0;0;0;0;0;0;0;0;0;0;0;0;0;0;0;0;0;0;0;0;0;0;0;0;0;0;0;0;0;0;0;0;0;0;0;0;0;0;0;0;0;0;0;0;0;0;0;0;0;0;0;0;0;0;0;0;0;0;0;0;0;0;0;0;0;0;0;0;0;0;0;0;0;0;0;0;0;0;0;0;0;0;0;0;0;0;0;0;0;0;0;0;0;0;0;0;0;0;0;0;0;0;0;0;0;0;0;0;0;0;0;0;0;0;0;0;0;0;0;0;0;0;0;0;0;0;0;11,34754;14,84097;15,26188;16,20479;17,9885;42,11816;3,09402;1,386351;2,411839;-4,702572;3,70248;3,909661;-8,86951;3,523479;5,262763;5,317029;-8,046666;3,568206;9,814699;9,722433;-10,48188;3,334015;4,591328;5,312679;1079,31;2527,089;185,6412;83,18106;144,7103;-282,1543;222,1488;234,5797;-532,1705;211,4087;315,7657;319,0217;-482,8;214,0923;588,8819;583,3459;-628,9129;200,0409;275,4797;318,7607;64758,59;151625,4;11138,47;4990,863;8682,62;-16929,26;13328,93;14074,78;-31930,23;12684,52;18945,94;19141,3;-28968;12845,54;35332,91;35000,75;-37734,77;12002,45;16528,78;19125,64
1;16;00:00:00:016;0;0;0;-1,818305;-2,13492;4,200593;-3,612482;-2,830488;8,551536;-5,332907;-3,317984;12,22236;-6,711617;-3,657844;15,00358;-2,25062;-1,411064;3,417351;-8,878881;-1,455032;7,038427;-13,3499;-1,91198;9,410272;-15,6872;-2,015555;10,76891;-17,50462;-1,980164;11,92697;-2,813587;-0,505923;2,397366;-9,712547;-0,07766;5,438518;-14,81661;0,711286;7,687554;-17,47658;1,359672;9,042841;-19,55571;2,070748;10,26212;-3,343823;0,262097;1,436595;-9,878627;1,119409;3,614942;-14,37087;1,772658;5,669572;-16,68721;2,502406;7,057632;-18,5435;3,463664;8,506232;-3,848764;1,034986;0,521701;-9,522907;2,309062;1,582843;-13,14718;2,915333;3,078143;-14,94205;3,353424;3,92437;-16,88061;4,012433;4,983993;-47,16652;44,74369;123,1611;16,056;17,88567;-115,6692;19,15007;17,88565;-115,6692;20,67633;17,83389;-115,2118;20,67634;17,83389;-115,2118;-47,54649;44,74368;123,1611;-50,87159;42,30223;124,5371;-46,74294;42,87685;125,1663;-42,15205;43,5517;126,161;-42,3152;43,39547;125,9239;-52,43221;48,66122;116,4558;-51,04958;50,5728;113,1938;-47,32256;49,1214;111,1834;-43,47139;48,04316;109,2305;-43,29486;48,19274;109,4676;-59,04152;52,40731;107,9487;-51,48528;48,53447;112,5371;-43,16964;47,1268;110,512;-36,64576;44,77351;106,0568;-36,4297;44,93442;106,3632;-71,03627;56,46959;93,32843;-53,9577;50,16391;109,6984;-50,67284;48,92248;107,9826;-48,37754;46,21423;103,9035;-48,17983;46,426;104,1769;0;0;0;-102,0965;131,0993;-34,73284;-161,2042;101,2865;-75,44048;-190,3076;68,93737;-98,92738;-205,0392;42,52967;-112,7711;-7,175221;84,66385;12,2617;390,5204;90,30733;248,1677;646,5281;142,7089;409,5352;780,1772;151,7492;490,2037;883,9456;143,0557;549,7708;115,0973;28,25237;73,46081;576,6857;5,561996;341,569;935,058;-62,28561;539,921;1122,548;-129,0476;637,6002;1269,629;-208,3403;708,981;227,2501;-15,73049;131,107;710,2485;-64,16383;406,8396;1021,025;-121,7878;579,0984;1181,408;-204,3001;657,7128;1309,167;-321,6794;710,2704;335,5317;-62,10944;186,0007;808,8824;-135,5486;451,1643;1069,288;-185,519;595,1454;1198,703;-228,4897;663,1658;1338,957;-299,568;732,1069;0;0;0;-6125,792;7865,956;-2083,97;-9672,251;6077,188;-4526,429;-11418,46;4136,242;-5935,642;-12302,35;2551,78;-6766,263;-430,5132;5079,831;735,7017;23431,22;5418,439;14890,06;38791,68;8562,533;24572,11;46810,63;9104,953;29412,22;53036,73;8583,342;32986,25;6905,834;1695,142;4407,648;34601,14;333,7197;20494,14;56103,48;-3737,136;32395,25;67352,88;-7742,854;38256,01;76177,74;-12500,42;42538,86;13635;-943,8295;7866,422;42614,91;-3849,83;24410,37;61261,5;-7307,266;34745,91;70884,51;-12258;39462,77;78550,01;-19300,77;42616,22;20131,9;-3726,566;11160,04;48532,95;-8132,916;27069,86;64157,25;-11131,14;35708,72;71922,15;-13709,38;39789,95;80337,4;-17974,08;43926,41;11,34764;14,84146;15,26188;16,20598;17,9885;42,11816;3,09402;1,386351;2,400859;-4,678642;3,70248;3,909711;-8,873186;3,52359;5,2628;5,317029;-8,046666;3,568206;9,814699;9,722433;-10,49109;3,334367;4,591286;5,312679;0;0;0;0;-0,658836;1,435804;0;0,00299;-0,220585;0,006652;0,00226;0;0;0;0;0;-0,552692;0,021143;-0,002546;0;-64758,59;-151625,4;-11138,47;-4990,863;-8722,15;17015,4;-13328,93;-14074,6;31917;-12684,12;-18945,81;-19141,3;28968;-12845,54;-35332,91;-35000,75;37701,61;-12001,18;-16528,93;-19125,64
2;32;00:00:00:032;0;0;0;-1,817868;-2,135359;4,200559;-3,635491;-2,849333;8,538771;-5,375846;-3,352667;12,19805;-6,769697;-3,704639;14,9702;-2,250328;-1,411569;3,417336;-8,878556;-1,456885;7,038455;-13,34961;-1,914131;9,410168;-15,68695;-2,017857;10,76873;-17,50441;-1,982578;11,92673;-2,813474;-0,506514;2,397373;-9,712496;-0,079638;5,438581;-14,81668;0,708258;7,687699;-17,47677;1,356094;9,043031;-19,55602;2,066735;10,26235;-3,343864;0,261425;1,436623;-9,878817;1,117438;3,615031;-14,3707;1,76864;5,671103;-16,68618;2,498318;7,060634;-18,5408;3,460245;8,510921;-3,848959;1,034238;0,521749;-9,523338;2,307203;1,582956;-13,14775;2,912837;3,078177;-14,94271;3,350613;3,924368;-16,88141;4,009279;4,983951;-47,16702;44,74244;123,1718;16,26838;18,21206;-115,5177;19,36246;18,21205;-115,5177;20,89138;18,15866;-115,0597;20,89139;18,15866;-115,0597;-47,54699;44,74244;123,1718;-50,87179;42,30547;124,5421;-46,7431;42,88008;125,1713;-42,15212;43,55494;126,1661;-42,31532;43,39869;125,9289;-52,43254;48,65995;116,4665;-51,04943;50,57126;113,205;-47,32232;49,1199;111,1948;-43,47109;48,04165;109,2419;-43,29456;48,19122;109,479;-59,04154;52,40604;107,9596;-51,46646;48,51982;112,5733;-43,12127;47,11259;110,548;-36,57162;44,76191;106,0911;-36,35543;44,92254;106,3977;-71,03572;56,46835;93,33987;-53,95991;50,16391;109,7065;-50,67497;48,92244;107,9909;-48,37959;46,21407;103,9119;-48,18185;46,42586;104,1853;0;0;0;-102,0965;131,0993;-34,73284;-160,7571;102,9572;-74,56814;-189,4556;72,05817;-97,33584;-203,8696;46,76445;-110,6418;-7,175221;84,66385;12,2617;390,5204;90,30733;248,1677;646,5556;142,5522;409,5049;780,2158;151,5087;490,1587;883,9902;142,7483;549,7156;115,0973;28,25237;73,46081;576,6857;5,561996;341,569;935,0611;-62,29828;539,9382;1122,553;-129,0671;637,6265;1269,635;-208,3653;709,0148;227,2501;-15,73049;131,107;710,2485;-64,16383;406,8396;1020,914;-121,7846;579,1141;1181,228;-204,3784;657,718;1308,911;-321,8919;710,227;335,5317;-62,10944;186,0007;808,8824;-135,5486;451,1643;1069,305;-185,5423;595,1732;1198,728;-228,5249;663,2079;1338,992;-299,6166;732,1648;0;0;0;0;0;0;26,8271;100,2452;52,34063;51,1179;187,2482;95,492;70,1766;254,0862;127,7532;0;0;0;0;0;0;1,653671;-9,399175;-1,813888;2,317428;-14,43171;-2,697944;2,677917;-18,44287;-3,313065;0;0;0;0;0;0;0,183106;-0,760317;1,032829;0,303268;-1,170874;1,579285;0,383377;-1,502037;2,028465;0;0;0;0;0;0;-6,654739;0,192404;0,938415;-10,82039;-4,70066;0,311852;-15,31791;-12,74586;-2,60067;0;0;0;0;0;0;1,024246;-1,396894;1,667976;1,544952;-2,111435;2,529144;2,128601;-2,912521;3,473282;11,28992;14,79738;15,21896;16,17023;17,52951;41,93536;3,094084;1,386351;2,394818;-4,674453;3,702533;3,909661;-8,872809;3,523534;5,262763;5,317029;-8,025218;3,567382;9,843987;9,748728;-10,49327;3,334485;4,591286;5,312679;-27,53952;-10,96779;0,003791;0;-0,36242;0,251312;0,003176;-0,00299;0,022602;-0,003333;-0,00226;0;1,286888;-0,049396;1,75724;1,577682;-0,130577;0,007052;0;0;-1652,371;-658,0673;0,227451;0;17,78498;-71,06952;0,190544;-0,358772;14,59122;-0,599098;-0,271225;0;77,21328;-2,963733;105,4344;94,66093;25,32692;-0,845432;0,152779;0
3;48;00:00:00:048;0;0;0;-1,817868;-2,135359;4,200559;-3,635491;-2,849333;8,538771;-5,375846;-3,352667;12,19805;-6,769697;-3,704639;14,9702;-2,250328;-1,411569;3,417336;-8,878556;-1,456885;7,038455;-13,34851;-1,913104;9,412436;-15,68519;-2,016283;10,77217;-17,50207;-1,980567;11,93107;-2,813474;-0,506514;2,397373;-9,712496;-0,079638;5,438581;-14,81663;0,708136;7,687859;-17,47668;1,355906;9,043281;-19,55591;2,066494;10,26268;-3,343864;0,261425;1,436623;-9,878817;1,117438;3,615031;-14,3707;1,76864;5,671103;-16,6869;2,49728;7,059969;-18,54313;3,457603;8,509273;-3,848959;1,034238;0,521749;-9,523338;2,307203;1,582956;-13,14724;2,91141;3,079993;-14,94194;3,348457;3,927111;-16,88035;4,006307;4,987733;-47,16702;44,74244;123,1718;16,26838;18,21206;-115,5177;19,36246;18,21205;-115,5177;20,89138;18,15866;-115,0597;20,89139;18,15866;-115,0597;-47,54699;44,74244;123,1718;-50,83564;42,29409;124,5564;-46,70678;42,8684;125,186;-42,1157;43,54279;126,1811;-42,27889;43,38667;125,9439;-52,43254;48,65995;116,4665;-51,04742;50,56993;113,2076;-47,3203;49,11861;111,1974;-43,46904;48,04041;109,2445;-43,29253;48,18997;109,4816;-59,04154;52,40604;107,9596;-51,46646;48,51982;112,5733;-43,15057;47,11259;110,5481;-36,62599;44,76036;106,0929;-36,40998;44,92118;106,3992;-71,03572;56,46835;93,33987;-53,92677;50,14384;109,7497;-50,64177;48,90301;108,0336;-48,34613;46,19624;103,9538;-48,1484;46,40794;104,2273;0;0;0;-102,1227;131,1256;-34,7308;-159,3765;104,088;-73,80222;-186,8793;74,13914;-95,8769;-200,3847;49,57212;-108,6388;-7,192768;84,69414;12,26261;390,5009;90,4185;248,1661;646,4537;142,542;409,519;780,0709;151,4331;490,1768;883,8115;142,6203;549,7328;115,0905;28,28782;73,46032;576,6827;5,680703;341,5652;935,0533;-62,11671;539,9314;1122,545;-128,8525;637,618;1269,63;-208,1247;709,0045;227,2525;-15,69018;131,1054;710,2599;-64,04556;406,8342;1020,904;-121,5434;579,0222;1181,174;-204,0499;657,5568;1308,779;-321,4677;710,0203;335,5433;-62,06451;185,9978;808,9083;-135,437;451,1576;1069,199;-185,3894;595,197;1198,557;-228,3513;663,2471;1338,75;-299,4205;732,2212;0;0;0;-1,570702;1,579285;0,12213;82,83519;67,84343;45,95446;154,5782;124,8582;87,53657;209,0893;168,4602;120,1794;-1,052767;1,817107;0,054985;-1,170158;6,670475;-0,098705;-6,114006;-0,612974;0,846863;-8,694648;-4,534006;1,084328;-10,72311;-7,680415;1,032829;-0,404835;2,126813;-0,028968;-0,183106;7,122449;-0,226021;-0,463486;10,89442;-0,406265;-0,480652;12,87532;-0,506401;-0,360489;14,43815;-0,612259;0,145912;2,418458;-0,100136;0,683784;7,096052;-0,320435;-0,623703;14,46819;-5,51033;-3,250122;19,71531;-9,675979;-7,930755;25,45166;-12,40253;0,69952;2,696156;-0,172377;1,550674;6,693363;-0,406265;-6,322861;9,178161;1,42765;-10,24818;10,41698;2,3489;-14,55116;11,76309;3,38459;11,28683;14,7971;15,22022;16,16582;17,52951;41,93536;3,094084;1,386351;2,410297;-4,648189;3,70248;3,909661;-8,870684;3,523479;5,2628;5,317029;-8,025218;3,567382;9,814699;9,722412;-10,45914;3,333251;4,591243;5,312716;0;0;0;0;0,928717;1,57588;-0,003176;0;0,127544;-0,003319;0,00226;0;0;0;-1,75724;-1,578941;2,047634;-0,074;-0,002575;0,002203;1652,371;658,0673;-0,227451;0;77,46819;79,47406;-0,381088;0,179386;6,296539;0,000858;0,271225;0;-77,21328;2,963733;-210,8688;-189,3974;130,6927;-4,863166;-0,154495;0,132179
4;64;00:00:00:064;0;0;0;-1,817868;-2,135359;4,200559;-3,635491;-2,849333;8,538771;-5,375846;-3,352667;12,19805;-6,769697;-3,704639;14,9702;-2,250328;-1,411569;3,417336;-8,878556;-1,456885;7,038455;-13,34851;-1,913104;9,412436;-15,68519;-2,016283;10,77217;-17,50207;-1,980567;11,93107;-2,813474;-0,506514;2,397373;-9,712496;-0,079638;5,438581;-14,81646;0,707725;7,688405;-17,47641;1,355272;9,044118;-19,55556;2,065679;10,26375;-3,343864;0,261425;1,436623;-9,878817;1,117438;3,615031;-14,3707;1,76864;5,671103;-16,6869;2,49728;7,059969;-18,54313;3,457603;8,509273;-3,848959;1,034238;0,521749;-9,523338;2,307203;1,582956;-13,14724;2,91141;3,079993;-14,94194;3,348457;3,927111;-16,88035;4,006307;4,987733;-47,16702;44,74244;123,1718;16,26838;18,21206;-115,5177;19,36246;18,21205;-115,5177;20,89138;18,15866;-115,0597;20,89139;18,15866;-115,0597;-47,54699;44,74244;123,1718;-50,83564;42,29409;124,5564;-46,70678;42,8684;125,186;-42,1157;43,54279;126,1811;-42,27889;43,38667;125,9439;-52,43254;48,65995;116,4665;-51,04062;50,56542;113,2164;-47,31348;49,11425;111,2061;-43,46214;48,03621;109,2532;-43,28564;48,18576;109,4903;-59,04154;52,40604;107,9596;-51,46646;48,51982;112,5733;-43,15057;47,11259;110,5481;-36,62599;44,76036;106,0929;-36,40998;44,92118;106,3992;-71,03572;56,46835;93,33987;-53,92677;50,14384;109,7497;-50,64177;48,90301;108,0336;-48,34613;46,19624;103,9538;-48,1484;46,40794;104,2273;0;0;0;-102,1227;131,1256;-34,7308;-159,3765;104,088;-73,80222;-186,8793;74,13914;-95,8769;-200,3847;49,57212;-108,6388;-7,192768;84,69414;12,26261;390,5009;90,4185;248,1661;646,3878;142,4804;409,383;779,9655;151,3387;489,9704;883,6713;142,4996;549,4725;115,0905;28,28782;73,46032;576,6827;5,680703;341,5652;935,0084;-62,10958;539,9283;1122,476;-128,8415;637,6131;1269,54;-208,1106;708,9984;227,2525;-15,69018;131,1054;710,2599;-64,04556;406,8342;1020,904;-121,5434;579,0222;1181,218;-203,9876;657,5967;1308,919;-321,3092;710,1192;335,5433;-62,06451;185,9978;808,9083;-135,437;451,1576;1069,169;-185,3037;595,0881;1198,511;-228,222;663,0825;1338,686;-299,2422;731,9943;0;0;0;0;0;0;0;0;0;0;0;0;0;0;0;0;0;0;0;0;0;-3,956794;-3,695011;-8,162498;-6,325722;-5,669116;-12,38251;-8,411407;-7,241963;-15,61832;0;0;0;0;0;0;-2,700805;0,427365;-0,185967;-4,154205;0,659466;-0,297546;-5,34439;0,845432;-0,371933;0;0;0;0;0;0;0;0;0;2,614975;3,736495;2,394676;8,382796;9,51147;5,933761;0;0;0;0;0;0;-1,836776;5,137681;-6,537437;-2,786636;7,759093;-9,87625;-3,822326;10,69879;-13,61561;11,28683;14,79613;15,22022;16,16582;17,52951;41,93536;3,094084;1,386351;2,410297;-4,648189;3,70248;3,909661;-8,863527;3,523479;5,262763;5,317029;-8,025218;3,567382;9,814699;9,722412;-10,45914;3,333251;4,591243;5,312716;0;0;0;0;0;0;0;0;0,429382;0;-0,00226;0;0;0;0;0;0;0;0;0;0;0;0;0;-55,72299;-94,55279;0,190544;0;18,11027;0,199127;-0,271225;0;0;0;105,4344;94,73647;-122,858;4,440021;0,154495;-0,132179
5;80;00:00:00:080;0;0;0;-1,817737;-2,135293;4,200649;-3,646429;-2,857048;8,532917;-5,396183;-3,367079;12,18678;-6,797174;-3,724174;14,95468;-2,250253;-1,411592;3,417375;-8,878547;-1,457356;7,038367;-13,34864;-1,913705;9,412072;-15,68579;-2,018049;10,77091;-17,50344;-1,984058;11,92865;-2,81347;-0,506653;2,397348;-9,712593;-0,080287;5,438395;-14,81677;0,706922;7,687778;-17,47687;1,354404;9,043245;-19,55616;2,064773;10,26267;-3,343918;0,261176;1,436542;-9,878999;1,116665;3,614773;-14,37131;1,768331;5,66975;-16,6878;2,497261;7,057992;-18,54432;3,457864;8,506736;-3,849073;1,033884;0,521612;-9,523599;2,306346;1,582634;-13,14769;2,91058;3,079183;-14,94251;3,347651;3,926045;-16,88107;4,005542;4,986371;-47,16573;44,74588;123,1784;16,37378;18,35637;-115,4475;19,46785;18,35636;-115,4475;20,99796;18,30217;-114,9892;20,99797;18,30217;-114,9892;-47,54571;44,74588;123,1784;-50,83663;42,30008;124,5598;-46,737;42,87441;125,1894;-42,17248;43,54918;126,1842;-42,33556;43,39288;125,9472;-52,43176;48,66347;116,4728;-51,04382;50,57141;113,2178;-47,31689;49,12015;111,2073;-43,46579;48,04203;109,2543;-43,28926;48,19159;109,4914;-59,04157;52,40958;107,9653;-51,47924;48,53263;112,5618;-43,16367;47,1251;110,5365;-36,63987;44,77214;106,0811;-36,4238;44,93302;106,3875;-71,03738;56,47177;93,34421;-53,9336;50,15162;109,7464;-50,64879;48,91066;108,0303;-48,35356;46,20354;103,9504;-48,15582;46,41525;104,2239;0;0;0;-102,1227;131,1256;-34,7308;-159,1476;104,8429;-73,39346;-186,4436;75,54961;-95,13183;-199,787;51,48618;-107,6426;-7,192768;84,69414;12,26261;390,5009;90,4185;248,1661;646,4063;142,481;409,3837;779,9945;151,4225;489,9702;883,7076;142,7092;549,4791;115,0905;28,28782;73,46032;576,6827;5,680703;341,5652;935,0203;-62,08476;539,8921;1122,494;-128,8033;637,5574;1269,564;-208,0615;708,9268;227,2525;-15,69018;131,1054;710,2599;-64,04556;406,8342;1020,981;-121,5457;579,0114;1181,337;-203,991;657,5801;1309,075;-321,3137;710,0977;335,5433;-62,06451;185,9978;808,9083;-135,437;451,1576;1069,198;-185,3044;595,0825;1198,555;-228,223;663,0743;1338,747;-299,2437;731,983;0;0;0;0;0;0;13,73506;45,29929;24,52612;26,14617;84,62762;44,7042;35,8665;114,844;59,77534;0;0;0;0;0;0;1,110077;0,033617;0,042915;1,739502;5,031824;-0,014305;2,180099;12,57634;0,39196;0;0;0;0;0;0;0,720978;1,489162;-2,171516;1,110077;2,291679;-3,338814;1,430511;2,946853;-4,291534;0;0;0;0;0;0;4,611969;-0,134468;-0,649452;7,169723;-0,207424;-0,995636;9,378432;-0,273228;-1,293182;0;0;0;0;0;0;1,76239;-0,04077;-0,331879;2,660751;-0,062943;-0,494957;3,673553;-0,085831;-0,680923;11,26095;14,77561;15,20372;16,14932;17,32144;41,84668;3,094084;1,38621;2,406803;-4,648315;3,673172;3,883327;-8,867383;3,523479;5,262725;5,317029;-8,040077;3,567931;9,814699;9,722433;-10,46633;3,333545;4,591286;5,312716;-12,4839;-5,320587;0;-0,008469;-0,209656;-0,007582;-1,758513;-1,580028;-0,231342;0;-0,002232;0;-0,891552;0,032916;0;0,001259;-0,431042;0,017624;0,002575;0;-749,034;-319,2352;0;-0,508118;-12,57934;-0,454903;-105,5108;-94,8017;-39,64347;0;0,001717;0;-53,49311;1,974964;0;0,075531;-25,8625;1,057434;0,154495;0
6;96;00:00:00:096;0;0;0;-1,817737;-2,135293;4,200649;-3,646431;-2,857072;8,532911;-5,396188;-3,367123;12,18677;-6,797181;-3,724234;14,95466;-2,250253;-1,411592;3,417375;-8,878547;-1,457356;7,038367;-13,34873;-1,913228;9,411985;-15,68592;-2,017317;10,77077;-17,5036;-1,983122;11,92846;-2,81347;-0,506653;2,397348;-9,712593;-0,080287;5,438395;-14,81739;0,70837;7,685861;-17,4785;1,355441;9,039543;-19,55932;2,064658;10,25703;-3,343918;0,261176;1,436542;-9,878999;1,116665;3,614773;-14,37131;1,768331;5,66975;-16,68708;2,498299;7,058656;-18,54199;3,460507;8,508385;-3,849073;1,033884;0,521612;-9,523599;2,306346;1,582634;-13,14769;2,91058;3,079183;-14,94207;3,348431;3,926571;-16,87949;4,007904;4,987999;-47,16573;44,74588;123,1784;16,37371;18,35663;-115,4474;19,46779;18,35661;-115,4474;20,99791;18,30243;-114,9891;20,99791;18,30243;-114,9891;-47,54571;44,74588;123,1784;-50,83595;42,30334;124,5557;-46,73625;42,87766;125,1854;-42,17165;43,55242;126,1802;-42,33475;43,39613;125,9432;-52,43176;48,66347;116,4728;-51,0677;50,58727;113,1869;-47,37022;49,13548;111,1767;-43,5451;48,05616;109,2246;-43,36872;48,20594;109,4614;-59,04157;52,40958;107,9653;-51,47924;48,53263;112,5618;-43,13436;47,1251;110,5365;-36,58548;44,77368;106,0794;-36,36926;44,93438;106,3859;-71,03738;56,47177;93,34421;-53,9336;50,15162;109,7464;-50,61948;48,91065;108,0303;-48,29944;46,20492;103,9483;-48,10147;46,41644;104,2221;0;0;0;-102,1306;131,1216;-34,73621;-158,4919;105,3072;-73,04227;-185,2244;76,41682;-94,45586;-198,1398;52,66167;-106,7112;-7,197216;84,69551;12,26024;390,5004;90,44675;248,1713;646,4367;142,4984;409,408;780,0654;151,4999;490,0487;883,835;142,8822;549,6274;115,0902;28,29618;73,46184;576,6885;5,71962;341,5764;935,1865;-62,03591;539,9066;1122,753;-128,6575;637,5882;1269,908;-207,7712;708,9944;227,2558;-15,67524;131,1102;710,2708;-63,9992;406,8497;1021,017;-121,5271;579,0926;1181,383;-204,0732;657,6797;1309,117;-321,5485;710,1753;335,5502;-62,04329;186,006;808,9239;-135,3856;451,1769;1069,225;-185,2546;595,1312;1198,585;-228,2363;663,1304;1338,769;-299,3897;732,0287;0;0;0;-0,472069;-0,239611;-0,324547;39,34049;27,85349;21,07143;73,1492;52,03307;40,55786;98,82831;70,52957;55,88651;-0,26688;0,082612;-0,142157;-0,031471;1,695156;0,316143;1,825332;1,044989;1,4534;4,254341;4,644155;4,714965;7,63893;10,37621;8,900641;-0,01502;0,501752;0,090837;0,349045;2,335019;0,669479;9,967803;2,931118;0,869751;15,53535;8,746861;1,84536;20,61653;17,41934;4,05693;0,19598;0,896484;0,291109;0,658035;2,781987;0,926971;2,214432;1,110792;4,872322;2,758026;-4,932403;5,979537;2,506256;-14,08482;4,657745;0,410557;1,272797;0,48995;0,938415;3,087044;1,158714;1,642227;2,989769;2,918243;1,791;-0,798225;3,367424;1,310348;-8,764743;2,746582;11,2613;14,7801;15,20249;16,14848;17,32112;41,84678;3,09402;1,386351;2,402407;-4,644773;3,673172;3,883276;-8,892582;3,52359;5,233491;5,29065;-8,040077;3,567931;9,843987;9,748728;-10,46633;3,333545;4,620545;5,338985;-0,019226;0,005951;-0,003791;0,008469;-0,263729;0,212488;0;-0,003047;-1,511936;0,006652;-1,754036;-1,582718;0;0;1,75724;1,577682;0;0;1,755552;1,576195;747,8804;319,5923;-0,227451;1,016235;-3,244401;13,20419;105,5108;94,61888;-76,83562;0,399113;-105,1082;-94,96306;53,49311;-1,974964;105,4344;94,5854;25,8625;-1,057434;105,1786;94,57167
7;112;00:00:00:112;0;0;0;-1,817737;-2,135293;4,200649;-3,646449;-2,857162;8,53289;-5,396219;-3,367292;12,18673;-6,797226;-3,724461;14,95461;-2,250253;-1,411592;3,417375;-8,878547;-1,457356;7,038367;-13,34861;-1,911829;9,412481;-15,68569;-2,015167;10,77151;-17,50325;-1,980375;11,92937;-2,81347;-0,506653;2,397348;-9,712593;-0,080287;5,438395;-14,81739;0,70837;7,685861;-17,4785;1,355441;9,039543;-19,55932;2,064658;10,25703;-3,343918;0,261176;1,436542;-9,878999;1,116665;3,614773;-14,37139;1,768514;5,669527;-16,68719;2,498584;7,058308;-18,54215;3,460879;8,50793;-3,849073;1,033884;0,521612;-9,523599;2,306346;1,582634;-13,14782;2,910937;3,078727;-14,94226;3,34897;3,925885;-16,87976;4,008649;4,987052;-47,16573;44,74588;123,1784;16,37356;18,35766;-115,447;19,46764;18,35764;-115,4469;20,99776;18,30345;-114,9886;20,99776;18,30345;-114,9886;-47,54571;44,74588;123,1784;-50,82327;42,30724;124,5508;-46,72341;42,88145;125,1807;-42,15857;43,55605;126,1758;-42,32174;43,39978;125,9387;-52,43176;48,66347;116,4728;-51,0677;50,58727;113,1869;-47,37022;49,13548;111,1767;-43,5451;48,05616;109,2246;-43,36872;48,20594;109,4614;-59,04157;52,40958;107,9653;-51,4823;48,53478;112,5577;-43,13743;47,12717;110,5324;-36,58865;44,77558;106,0753;-36,37242;44,93628;106,3819;-71,03738;56,47177;93,34421;-53,94189;50,15665;109,7356;-50,6278;48,91552;108,0196;-48,30782;46,20938;103,9379;-48,10984;46,42095;104,2116;0;0;0;-102,1306;131,1216;-34,73621;-158,4936;105,3139;-73,04164;-185,2277;76,42937;-94,4547;-198,1442;52,67873;-106,7096;-7,197216;84,69551;12,26024;390,5004;90,44675;248,1713;646,4686;142,3846;409,4211;780,1138;151,3253;490,0664;883,8962;142,6591;549,6464;115,0902;28,29618;73,46184;576,6885;5,71962;341,5764;935,2237;-62,12279;540,0216;1122,851;-128,7198;637,8104;1270,097;-207,7643;709,3328;227,2558;-15,67524;131,1102;710,2708;-63,9992;406,8497;1021,035;-121,5277;579,0901;1181,367;-204,1363;657,636;1309,014;-321,7081;710,0714;335,5502;-62,04329;186,006;808,9239;-135,3856;451,1769;1069,26;-185,2554;595,1247;1198,612;-228,2844;663,0891;1338,747;-299,5332;731,9176;0;0;0;0;0;0;-0,103712;0,406265;0,037551;-0,19598;0,752807;0,069737;-0,26536;1,023173;0,091553;0;0;0;0;0;0;1,911163;-6,827116;0,786781;2,906799;-10,47635;1,058578;3,673553;-13,38172;1,141548;0;0;0;0;0;0;2,231598;-5,212783;6,900787;5,870819;-3,73578;13,32951;11,36398;0,411987;20,29896;0;0;0;0;0;0;1,0643;-0,030756;-0,148773;-0,955582;-3,783702;-2,623558;-6,214141;-9,575843;-6,23703;0;0;0;0;0;0;2,094269;-0,050068;-0,386238;1,579285;-2,88105;-2,480507;-1,321792;-8,608817;-6,666183;11,26112;14,78013;15,20303;16,14963;17,31985;41,84706;3,094084;1,386351;2,397106;-4,628677;3,673225;3,883327;-8,892582;3,52359;5,233491;5,29065;-8,043519;3,568096;9,843987;9,748728;-10,47488;3,333839;4,620588;5,339022;-0,076447;0,016708;0,003791;0;-0,318089;0,965767;0,003204;0,003047;0;0;0;0;-0,206509;0,009885;0;0;-0,513039;0,017624;0,002575;0,002203;-3,433227;0,645447;0,454903;-0,508118;-3,261564;45,19672;0,192261;0,365639;90,71616;-0,399113;105,2421;94,96306;-12,39052;0,59309;-105,4344;-94,66093;-30,78232;1,057434;-105,1786;-94,43949
8;128;00:00:00:128;0;0;0;-1,817737;-2,135293;4,200649;-3,650519;-2,860824;8,530558;-5,403751;-3,3741;12,1823;-6,807387;-3,733675;14,94853;-2,250253;-1,411592;3,417375;-8,878547;-1,457356;7,038367;-13,3485;-1,910178;9,412995;-15,68548;-2,012633;10,77227;-17,50292;-1,977135;11,9303;-2,81347;-0,506653;2,397348;-9,712593;-0,080287;5,438395;-14,81721;0,707952;7,686416;-17,47822;1,354797;9,040394;-19,55896;2,063831;10,25812;-3,343918;0,261176;1,436542;-9,878999;1,116665;3,614773;-14,37161;1,769048;5,668871;-16,68827;2,498375;7,056627;-18,54493;3,459324;8,504951;-3,849073;1,033884;0,521612;-9,523599;2,306346;1,582634;-13,14782;2,910937;3,078727;-14,94226;3,34897;3,925885;-16,87976;4,008649;4,987052;-47,16573;44,74588;123,1784;16,40846;18,41961;-115,42;19,50253;18,41959;-115,42;21,03316;18,36514;-114,9616;21,03317;18,36514;-114,9616;-47,54571;44,74588;123,1784;-50,80935;42,31237;124,5444;-46,70929;42,88647;125,1745;-42,14416;43,56088;126,1699;-42,3074;43,40467;125,9327;-52,43176;48,66347;116,4728;-51,0608;50,58269;113,1958;-47,36327;49,13106;111,1855;-43,5381;48,0519;109,2334;-43,36172;48,20164;109,4703;-59,04157;52,40958;107,9653;-51,49118;48,54103;112,5458;-43,17572;47,13322;110,5206;-36,65227;44,77958;106,0654;-36,43619;44,94054;106,3717;-71,03738;56,47177;93,34421;-53,94189;50,15665;109,7356;-50,6278;48,91552;108,0196;-48,30782;46,20938;103,9379;-48,10984;46,42095;104,2116;0;0;0;-102,1306;131,1216;-34,73621;-158,4297;105,6389;-72,89394;-185,1057;77,03603;-94,18469;-197,9765;53,50146;-106,3482;-7,197216;84,69551;12,26024;390,5004;90,44675;248,1713;646,4958;142,2031;409,4006;780,1534;151,0467;490,0331;883,9438;142,3032;549,6014;115,0902;28,29618;73,46184;576,6885;5,71962;341,5764;935,1812;-62,12299;540,0283;1122,786;-128,7201;637,8205;1270,013;-207,7647;709,3458;227,2558;-15,67524;131,1102;710,2708;-63,9992;406,8497;1021,092;-121,5402;579,0961;1181,463;-204,0724;657,6646;1309,158;-321,5145;710,1586;335,5502;-62,04329;186,006;808,9239;-135,3856;451,1769;1069,268;-185,2768;595,152;1198,623;-228,3168;663,1302;1338,763;-299,5779;731,9745;0;0;0;0;0;0;3,835916;19,50002;8,862018;7,317065;36,399;16,20054;10,06365;49,36409;21,68798;0;0;0;0;0;0;1,639366;-10,89191;-1,227379;2,37751;-16,71552;-1,996994;2,861023;-21,35396;-2,700805;0;0;0;0;0;0;-2,552032;-0,011802;0,403404;-3,925323;-0,017881;0,606537;-5,041122;-0,022888;0,78392;0;0;0;0;0;0;3,398895;-0,749588;0,360489;5,739212;3,836631;1,713753;8,680343;11,61575;5,23281;0;0;0;0;0;0;0,463486;-1,28603;1,636505;0,692368;-1,944065;2,469063;0,967026;-2,682209;3,410339;11,2512;14,77206;15,19963;16,14396;17,2338;41,8185;3,09402;1,386069;2,390073;-4,610274;3,673172;3,883276;-8,88531;3,52359;5,233491;5,290688;-8,053568;3,568535;9,81472;9,722433;-10,47488;3,333839;4,620588;5,339022;-5,162773;-1,713867;-0,003791;-0,016937;-0,421944;1,104183;-0,003204;-0,003047;0,436306;0;0;0,002232;-0,602932;0,026336;-1,755981;-1,577682;0;0;0;0;-305,1796;-103,8345;-0,454903;-1,016235;-6,231308;8,30498;-0,384521;-0,365639;26,17836;0;0;0,133896;-23,7854;0,987053;-105,3589;-94,66093;30,78232;-1,057434;-0,154495;-0,132179
9;144;00:00:00:144;0;0;0;-1,817737;-2,135293;4,200649;-3,650837;-2,860312;8,530508;-5,40433;-3,373143;12,18219;-6,808161;-3,732377;14,94837;-2,250253;-1,411592;3,417375;-8,878547;-1,457356;7,038367;-13,34795;-1,910189;9,41404;-15,68461;-2,01265;10,77386;-17,50178;-1,977159;11,93232;-2,81347;-0,506653;2,397348;-9,712593;-0,080287;5,438395;-14,81793;0,709627;7,684198;-17,47866;1,35857;9,037731;-19,55846;2,070126;10,25558;-3,343918;0,261176;1,436542;-9,878999;1,116665;3,614773;-14,37161;1,769048;5,668871;-16,68754;2,499413;7,057291;-18,54261;3,461967;8,5066;-3,849073;1,033884;0,521612;-9,523599;2,306346;1,582634;-13,14788;2,911101;3,07852;-14,94235;3,349218;3,925569;-16,87988;4,008989;4,986619;-47,16573;44,74588;123,1784;16,41436;18,4163;-115,4215;19,50844;18,41629;-115,4215;21,03904;18,36179;-114,963;21,03904;18,36178;-114,963;-47,54571;44,74588;123,1784;-50,79465;42,30449;124,5542;-46,69456;42,87848;125,1845;-42,12948;43,55272;126,18;-42,2927;43,39654;125,9428;-52,43176;48,66347;116,4728;-51,08845;50,60104;113,16;-47,36177;49,14878;111,1501;-43,51113;48,06963;109,1973;-43,33457;48,21931;109,4343;-59,04157;52,40958;107,9653;-51,49118;48,54103;112,5458;-43,14642;47,13322;110,5206;-36,59789;44,78114;106,0636;-36,38164;44,94187;106,3702;-71,03738;56,47177;93,34421;-53,94571;50,15895;109,7307;-50,63161;48,91776;108,0147;-48,31166;46,21143;103,9331;-48,11369;46,42299;104,2068;0;0;0;-102,1306;131,1216;-34,73621;-158,1578;105,8409;-72,73869;-184,6015;77,41177;-93,89162;-197,2954;54,0102;-105,9477;-7,197216;84,69551;12,26024;390,5004;90,44675;248,1713;646,4321;142,0624;409,3708;780,0527;150,8308;489,9875;883,8112;142,0273;549,5439;115,0902;28,29618;73,46184;576,6885;5,71962;341,5764;935,3405;-62,09709;539,9684;1123,026;-128,7728;637,7148;1270,312;-207,9481;709,1799;227,2558;-15,67524;131,1102;710,2708;-63,9992;406,8497;1021,105;-121,5722;579,1354;1181,519;-204,1432;657,7465;1309,295;-321,6401;710,2628;335,5502;-62,04329;186,006;808,9239;-135,3856;451,1769;1069,284;-185,2772;595,1491;1198,647;-228,3173;663,1256;1338,796;-299,5787;731,9681;0;0;0;0;0;0;16,31427;12,11643;9,315132;30,25245;22,5445;17,58456;40,86613;30,52425;24,02758;0;0;0;0;0;0;-3,828048;-8,440732;-1,785278;-6,048202;-12,95686;-2,735138;-7,959365;-16,55817;-3,453255;0;0;0;0;0;0;9,561538;1,553893;-3,596305;14,42528;-3,164291;-6,337166;17,92145;-11,00349;-9,953498;0;0;0;0;0;0;0,795364;-1,921892;2,360344;3,381729;-4,25148;4,912376;8,234023;-7,538795;6,257057;0;0;0;0;0;0;0,961304;-0,022173;-0,171661;1,4534;-0,032902;-0,274658;2,002716;-0,047207;-0,377655;11,24859;14,77367;15,19711;16,14325;17,23688;41,81201;3,094084;1,386351;2,400777;-4,602493;3,673225;3,883276;-8,914449;3,523756;5,2628;5,317029;-8,053568;3,568535;9,844006;9,748728;-10,47878;3,333956;4,620588;5,339022;0,184593;-0,389099;0,003791;0,016937;0,642228;0,46689;0,003204;0;-1,748314;0,009999;1,758528;1,580486;0;0;1,757126;1,577682;-0,234375;0,007038;0;0;320,8419;79,48608;0,454903;2,032471;63,8503;-38,23757;0,384521;0,182819;-131,0772;0,599957;105,5117;94,69527;36,17591;-1,580143;210,7864;189,3219;-14,0625;0,422287;0;0
10;160;00:00:00:160;0;0;0;-1,817737;-2,135293;4,200649;-3,65149;-2,859346;8,530394;-5,405524;-3,37134;12,18193;-6,809758;-3,729931;14,94799;-2,250253;-1,411592;3,417375;-8,878547;-1,457356;7,038367;-13,34799;-1,909595;9,414075;-15,68466;-2,011739;10,7739;-17,50182;-1,975993;11,93236;-2,81347;-0,506653;2,397348;-9,712593;-0,080287;5,438395;-14,81775;0,709218;7,684738;-17,47839;1,357941;9,038565;-19,55811;2,069318;10,25665;-3,343918;0,261176;1,436542;-9,878999;1,116665;3,614773;-14,3717;1,769271;5,668598;-16,68769;2,499758;7,05687;-18,5428;3,462419;8,506048;-3,849073;1,033884;0,521612;-9,523599;2,306346;1,582634;-13,14788;2,911101;3,07852;-14,94279;3,348437;3,925043;-16,88146;4,006627;4,984991;-47,16573;44,74588;123,1784;16,42617;18,41042;-115,424;19,52024;18,4104;-115,424;21,05079;18,35582;-114,9656;21,05079;18,35582;-114,9656;-47,54571;44,74588;123,1784;-50,79175;42,30746;124,5505;-46,6916;42,88142;125,1809;-42,1264;43,55561;126,1765;-42,28965;43,39944;125,9392;-52,43176;48,66347;116,4728;-51,0817;50,59656;113,1687;-47,35499;49,14446;111,1587;-43,50429;48,06546;109,2059;-43,32774;48,21512;109,4429;-59,04157;52,40958;107,9653;-51,49489;48,54364;112,5409;-43,15015;47,13573;110,5157;-36,60174;44,78345;106,0588;-36,38548;44,94419;106,3653;-71,03738;56,47177;93,34421;-53,94571;50,15895;109,7307;-50,66092;48,91776;108,0147;-48,36579;46,21006;103,9351;-48,16804;46,4218;104,2086;0;0;0;-102,1306;131,1216;-34,73621;-158,0842;105,7783;-72,7048;-184,4638;77,29588;-93,8297;-197,1085;53,85361;-105,8649;-7,197216;84,69551;12,26024;390,5004;90,44675;248,1713;646,4194;142,034;409,3113;780,032;150,7872;489,8961;883,7831;141,9717;549,4265;115,0902;28,29618;73,46184;576,6885;5,71962;341,5764;935,3421;-62,1978;540,1079;1122,988;-128,9995;637,8846;1270,2;-208,3261;709,345;227,2558;-15,67524;131,1102;710,2708;-63,9992;406,8497;1021,127;-121,5728;579,1324;1181,509;-204,2064;657,7019;1309,2;-321,8;710,1578;335,5502;-62,04329;186,006;808,9239;-135,3856;451,1769;1069,288;-185,287;595,1616;1198,657;-228,2705;663,1525;1338,825;-299,407;732,0303;0;0;0;0;0;0;4,415273;-3,752231;2,033114;8,264064;-6,953359;3,71468;11,21664;-9,395241;4,967451;0;0;0;0;0;0;-0,761032;-1,703739;-3,570557;-1,238823;-2,612114;-5,484581;-1,682281;-3,331661;-7,043839;0;0;0;0;0;0;0,097275;-6,04248;8,371352;-2,26593;-13,59844;10,1881;-6,74057;-22,68362;9,90486;0;0;0;0;0;0;1,293182;-0,037909;-0,185967;-0,600815;-3,793716;-2,672195;-5,73349;-9,593009;-6,299973;0;0;0;0;0;0;0,211716;-0,590086;0,749588;0,600815;2,810955;1,610756;1,716614;10,29825;3,725051;11,2468;14,77026;15,19515;16,14171;17,24212;41,79916;3,09402;1,38621;2,396779;-4,596956;3,673172;3,883276;-8,907328;3,523701;5,2628;5,316992;-8,057711;3,568644;9,843987;9,748707;-10,47878;3,333956;4,591243;5,312716;0,314484;-0,771332;-0,003791;-0,008469;-0,239883;0,332193;-0,003204;0;0,427265;-0,003333;0;-0,002203;-0,248566;0,00658;-0,001144;-0,001259;0;0;-1,760702;-1,578398;7,793425;-22,93396;-0,454903;-1,524353;-52,92663;-8,081818;-0,384521;0;130,5347;-0,799942;-105,5117;-94,96134;-14,91394;0,394821;-105,4962;-94,73647;14,0625;-0,422287;-105,6421;-94,70385
11;176;00:00:00:176;0;0;0;-1,822447;-2,131591;4,200489;-3,65944;-2,852893;8,529319;-5,416005;-3,362149;12,18002;-6,8221;-3,718511;14,94542;-2,253402;-1,406967;3,417207;-8,881989;-1,438955;7,037809;-13,34829;-1,879499;9,421609;-15,68277;-1,975506;10,78564;-17,49776;-1,934968;11,94735;-2,814665;-0,500826;2,397171;-9,713058;-0,060104;5,437823;-14,81553;0,737306;7,68748;-17,47426;1,390092;9,043104;-19,55205;2,104595;10,26266;-3,343448;0,268135;1,436352;-9,876852;1,13724;3,61422;-14,3676;1,797489;5,669882;-16,68174;2,531843;7,059187;-18,53456;3,497527;8,509276;-3,846931;1,041921;0,521413;-9,518846;2,326225;1,582133;-13,14139;2,936966;3,079803;-14,93515;3,377241;3,927241;-16,87218;4,038567;4,988227;-47,17082;44,74651;123,0549;16,44272;18,43208;-115,5349;19,53679;18,43207;-115,5349;21,06752;18,37736;-115,0764;21,06752;18,37736;-115,0764;-47,55079;44,74651;123,055;-50,6687;42,25867;124,4894;-46,56816;42,83165;125,1209;-42,00281;43,50427;126,1177;-42,16608;43,34848;125,8802;-52,43731;48,66368;116,3488;-51,04271;50,56683;113,1024;-47,31557;49,11561;111,092;-43,46426;48,03752;109,1391;-43,28775;48,18705;109,3762;-59,04755;52,40926;107,8407;-51,4721;48,52368;112,4546;-43,12696;47,11633;110,4294;-36,57745;44,76532;105,9726;-36,36127;44,92598;106,2791;-71,04362;56,47052;93,21914;-53,91527;50,13683;109,6535;-50,63025;48,89622;107,9373;-48,33453;46,19001;103,8571;-48,13679;46,40167;104,1307;0;0;0;-102,1306;131,1216;-34,73621;-158,0124;105,8177;-72,64338;-184,3302;77,36948;-93,71503;-196,9276;53,95358;-105,7093;-7,197216;84,69551;12,26024;390,5004;90,44675;248,1713;646,0562;141,5481;409,33;779,4741;150,0418;489,9099;883,0694;141,0197;549,4238;115,0902;28,29618;73,46184;576,6885;5,71962;341,5764;935,0558;-62,17459;540,1187;1122,548;-128,9638;637,9009;1269,633;-208,2803;709,3656;227,2558;-15,67524;131,1102;710,2708;-63,9992;406,8497;1020,967;-121,5814;579,1721;1181,261;-204,2197;657,7632;1308,875;-321,8174;710,2372;335,5502;-62,04329;186,006;808,9239;-135,3856;451,1769;1069,135;-185,2835;595,1897;1198,454;-228,2182;663,2266;1338,603;-299,2579;732,1865;0;0;0;0;0;0;4,305839;2,361059;3,685355;8,017301;4,415988;6,880045;10,85257;5,998134;9,339093;0;0;0;0;0;0;-21,78955;-29,15668;1,121521;-33,47396;-44,72852;0,826836;-42,82379;-57,12104;-0,160217;0;0;0;0;0;0;-17,17758;1,392245;0,646591;-26,44157;2,142906;0,972748;-33,98323;2,753734;1,235962;0;0;0;0;0;0;-9,584426;-0,512838;2,383232;-14,8716;-0,798225;3,676414;-19,47212;-1,042843;4,766464;0;0;0;0;0;0;-9,126662;0,214577;1,685143;-12,21084;3,13282;4,44889;-13,32664;8,949279;9,375571;11,23117;14,76104;15,18806;16,1345;17,21522;41,78701;3,09402;1,38621;2,464104;-4,51219;3,673118;3,883276;-8,860113;3,523423;5,2628;5,317029;-8,025805;3,567437;9,843987;9,748728;-10,44156;3,332664;4,591243;5,312716;-1,613846;-0,728989;0;0;4,039507;5,085954;-0,00319;0;2,83287;-0,016665;0;0,002203;1,914368;-0,072427;0;0,001259;2,233601;-0,077534;0;0;-115,6998;2,540588;0,227451;0,508118;256,7633;285,2256;0,000858;0;144,3363;-0,799942;0;0,264359;129,776;-4,740428;0,068665;0,151062;134,016;-4,652023;105,6421;94,70385
12;192;00:00:00:192;0;0;0;-1,822447;-2,131591;4,200489;-3,65944;-2,852893;8,529319;-5,416005;-3,362149;12,18002;-6,8221;-3,718511;14,94542;-2,253402;-1,406967;3,417207;-8,881989;-1,438955;7,037809;-13,3477;-1,879048;9,422791;-15,68184;-1,974814;10,78743;-17,49652;-1,934084;11,94961;-2,814665;-0,500826;2,397171;-9,713058;-0,060104;5,437823;-14,8154;0,736987;7,687902;-17,47472;1,388409;9,043;-19,55371;2,100987;10,26165;-3,343448;0,268135;1,436352;-9,876852;1,13724;3,61422;-14,36763;1,797561;5,669794;-16,68178;2,531955;7,05905;-18,53463;3,497673;8,509097;-3,846931;1,041921;0,521413;-9,518846;2,326225;1,582133;-13,14118;2,936384;3,080541;-14,93528;3,375583;3,92783;-16,87332;4,034995;4,988139;-47,17082;44,74651;123,0549;16,44272;18,43208;-115,5349;19,53679;18,43207;-115,5349;21,06752;18,37736;-115,0764;21,06752;18,37736;-115,0764;-47,55079;44,74651;123,055;-50,65021;42,25229;124,4974;-46,54958;42,8251;125,1291;-41,98418;43,49749;126,1261;-42,14747;43,34176;125,8885;-52,43731;48,66368;116,3488;-51,03746;50,56334;113,1092;-47,33959;49,11222;111,0988;-43,51396;48,0336;109,1467;-43,33764;48,18328;109,3835;-59,04755;52,40926;107,8407;-51,4733;48,52453;112,4531;-43,12817;47,11714;110,4279;-36,5787;44,76607;105,971;-36,3625;44,92673;106,2775;-71,04362;56,47052;93,21914;-53,90181;50,12865;109,671;-50,64606;48,88831;107,9546;-48,37505;46,1814;103,8762;-48,17754;46,39316;104,1495;0;0;0;-101,848;130,8995;-34,72658;-157,5354;105,4306;-72,57887;-183,7013;76,81802;-93,60046;-196,1871;53,26837;-105,5554;-7,008299;84,41804;12,2703;390,7069;89,34273;248,2048;646,0267;139,6736;408,8816;779,288;147,7623;489,2084;882,7328;138,4235;548,5251;115,1619;27,94657;73,4725;576,7164;4,508658;341,6107;934,8902;-63,86002;539,9592;1122,255;-130,8004;637,6498;1269,222;-210,1625;709,0626;227,2276;-16,09278;131,1216;710,142;-65,23364;406,8829;1020,728;-123,2747;579,0941;1180,915;-206,1451;657,6226;1308,396;-323,9242;710,0416;335,4217;-62,52553;186,018;808,6387;-136,5784;451,2069;1068,689;-186,834;595,1231;1197,914;-229,8828;663,1183;1337,949;-300,9795;732,0499;0;0;0;16,95728;-13,32593;0,577927;28,62095;-23,22793;3,870606;37,73331;-33,08773;6,874323;44,42811;-41,1129;9,23252;11,33497;-16,64865;0,603497;12,39395;-66,24162;2,007007;-1,770973;-112,4704;-26,90792;-11,16371;-136,7676;-42,09137;-20,1931;-155,7727;-53,91884;4,300832;-20,9763;0,640154;1,676559;-72,65773;2,059936;-9,939193;-101,1254;-9,570121;-17,57812;-110,1994;-15,06614;-24,6849;-112,9375;-18,17894;-1,690865;-25,05237;0,682354;-7,727622;-74,06651;1,991272;-14,35661;-101,5999;-4,683494;-20,7653;-115,5238;-8,434295;-28,77617;-126,4114;-11,73878;-7,709025;-28,93424;0,719547;-17,11464;-71,56562;1,802444;-26,79062;-93,03402;-3,996849;-32,38105;-99,87258;-6,497383;-39,25323;-103,2929;-8,193969;11,22953;14,76137;15,18825;16,13355;17,21522;41,78701;3,09402;1,38621;2,472826;-4,499279;3,673172;3,883327;-8,854568;3,523423;5,233491;5,29065;-8,02715;3,567437;9,843987;9,748747;-10,42766;3,332194;4,561968;5,286427;0;0;0;0;0,523324;0,774679;0,00319;0,003047;0,33268;0;-1,758528;-1,582718;-0,080738;0;0;0,001144;0,833817;-0,028195;-1,756496;-1,577339;96,83073;43,73931;0;0;-210,971;-258,6765;0,382805;0,182819;-150,0114;0,999928;-105,5117;-95,09524;-119,7063;4,345607;0;-0,006866;-83,98705;2,9603;-105,3898;-94,64034
13;208;00:00:00:208;0;0;0;-1,822447;-2,131591;4,200489;-3,65944;-2,852893;8,529319;-5,416005;-3,362149;12,18002;-6,8221;-3,718511;14,94542;-2,253402;-1,406967;3,417207;-8,881989;-1,438955;7,037809;-13,3477;-1,879048;9,422791;-15,68184;-1,974814;10,78743;-17,49652;-1,934084;11,94961;-2,814665;-0,500826;2,397171;-9,713058;-0,060104;5,437823;-14,8154;0,736993;7,687894;-17,47473;1,388417;9,04299;-19,55371;2,100998;10,26164;-3,343448;0,268135;1,436352;-9,876852;1,13724;3,61422;-14,36765;1,797612;5,669732;-16,68182;2,532035;7,058952;-18,53467;3,497778;8,50897;-3,846931;1,041921;0,521413;-9,518846;2,326225;1,582133;-13,14118;2,936384;3,080541;-14,93528;3,375583;3,92783;-16,87332;4,034995;4,988139;-47,17082;44,74651;123,0549;16,44272;18,43208;-115,5349;19,53679;18,43207;-115,5349;21,06752;18,37736;-115,0764;21,06752;18,37736;-115,0764;-47,55079;44,74651;123,055;-50,65021;42,25229;124,4974;-46,54958;42,8251;125,1291;-41,98418;43,49749;126,1261;-42,14747;43,34176;125,8885;-52,43731;48,66368;116,3488;-51,03755;50,5634;113,109;-47,33969;49,11229;111,0986;-43,51405;48,03366;109,1466;-43,33772;48,18336;109,3834;-59,04755;52,40926;107,8407;-51,47416;48,52514;112,4519;-43,12902;47,11771;110,4267;-36,57957;44,76661;105,9699;-36,36338;44,92727;106,2764;-71,04362;56,47052;93,21914;-53,90181;50,12865;109,671;-50,64606;48,88831;107,9546;-48,37505;46,1814;103,8762;-48,17754;46,39316;104,1495;0;0;0;-101,848;130,8995;-34,72658;-157,5354;105,4306;-72,57887;-183,7013;76,81802;-93,60046;-196,1871;53,26837;-105,5554;-7,008299;84,41804;12,2703;390,7069;89,34273;248,2048;645,9918;139,6465;408,8107;779,2321;147,7208;489,1009;882,6586;138,3705;548,3894;115,1619;27,94657;73,4725;576,7164;4,508658;341,6107;934,8826;-63,84087;539,9337;1122,283;-130,6994;637,6559;1269,323;-209,9461;709,1235;227,2276;-16,09278;131,1216;710,142;-65,23364;406,8829;1020,734;-123,2791;579,0986;1180,926;-206,1521;657,6299;1308,41;-323,9333;710,051;335,4217;-62,52553;186,018;808,6387;-136,5784;451,2069;1068,676;-186,7992;595,0788;1197,922;-229,7833;663,083;1338,018;-300,7652;732,0552;0;0;0;0;0;0;0;0;0;0;0;0;0;0;0;0;0;0;0;0;0;-2,09713;-1,624346;-4,254341;-3,35598;-2,491951;-6,448746;-4,457473;-3,181458;-8,14247;0;0;0;0;0;0;-0,457764;1,148701;-1,527786;1,722336;6,058216;0,369072;6,04248;12,98761;3,650665;0;0;0;0;0;0;0,411987;-0,26679;0,274658;0,629425;-0,416279;0,434876;0,829697;-0,542164;0,563622;0;0;0;0;0;0;-0,75531;2,092838;-2,65789;0,452042;5,968093;-2,120018;4,131317;12,85744;0,317574;11,22953;14,76139;15,18839;16,13355;17,21522;41,78701;3,09402;1,38621;2,472826;-4,499279;3,673172;3,883327;-8,854679;3,523423;5,233491;5,290688;-8,028104;3,567492;9,844006;9,748747;-10,42766;3,332194;4,561968;5,286427;0;0;0;0;0;0;0;0;-0,006638;0;0;0,002232;-0,05722;0,00329;0,001144;0;0;0;0;0;0;0;0;0;-31,39944;-46,48074;-0,191402;-0,182819;-20,35904;0;105,5117;95,09695;1,411056;0,197411;0,068665;-0,068665;-50,02898;1,691723;105,3898;94,64034
14;224;00:00:00:224;0;0;0;-1,82155;-2,132204;4,200567;-3,658604;-2,854936;8,529133;-5,415248;-3,365454;12,17962;-6,821413;-3,722795;14,94486;-2,252742;-1,407629;3,417371;-8,880938;-1,441213;7,038676;-13,34662;-1,882617;9,423477;-15,68077;-1,979077;10,78804;-17,4955;-1,938895;11,95016;-2,814304;-0,501551;2,397443;-9,712468;-0,062451;5,438853;-14,81471;0,733384;7,689591;-17,47401;1,38414;9,045051;-19,55301;2,096189;10,26399;-3,343352;0,267351;1,436723;-9,876709;1,134957;3,615333;-14,36756;1,794609;5,670942;-16,68182;2,528655;7,060219;-18,53479;3,494092;8,510288;-3,847096;1,04108;0,521879;-9,519169;2,324129;1,583273;-13,14146;2,933416;3,082131;-14,93556;3,372178;3,929651;-16,87363;4,031109;4,990219;-47,16602;44,74058;123,0704;16,44048;18,44458;-115,5197;19,53455;18,44457;-115,5197;21,06538;18,38987;-115,0612;21,06538;18,38987;-115,0612;-47,54599;44,74058;123,0704;-50,65569;42,2497;124,5081;-46,55515;42,82255;125,1397;-41,98988;43,49502;126,1366;-42,15313;43,33926;125,8991;-52,43112;48,65818;116,3655;-51,02964;50,55745;113,1278;-47,33169;49,10654;111,1173;-43,50592;48,02809;109,1652;-43,32962;48,17774;109,4021;-59,03961;52,40443;107,8591;-51,47309;48,5239;112,4615;-43,12793;47,11651;110,4363;-36,5784;44,76546;105,9795;-36,36221;44,92611;106,286;-71,03291;56,46707;93,24017;-53,8939;50,12331;109,6895;-50,63812;48,88313;107,973;-48,36699;46,17659;103,8944;-48,16949;46,38832;104,1677;0;0;0;-101,848;130,8995;-34,72658;-157,5308;105,4943;-72,55567;-183,6922;76,93684;-93,55791;-196,1746;53,42947;-105,4983;-7,008299;84,41804;12,2703;390,7069;89,34273;248,2048;646,0173;139,6831;408,8087;779,2711;147,7769;489,0995;882,7084;138,4422;548,3892;115,1619;27,94657;73,4725;576,7164;4,508658;341,6107;934,8765;-63,84124;539,9352;1122,274;-130,7;637,6581;1269,31;-209,9468;709,126;227,2276;-16,09278;131,1216;710,142;-65,23364;406,8829;1020,769;-123,2832;579,0977;1180,979;-206,1584;657,6285;1308,479;-323,9415;710,0493;335,4217;-62,52553;186,018;808,6387;-136,5784;451,2069;1068,674;-186,7991;595,0793;1197,918;-229,7832;663,0837;1338,013;-300,765;732,0562;0;0;0;0;0;0;0,27895;3,824472;1,391888;0,541449;7,129312;2,553463;0,75388;9,665965;3,427505;0;0;0;0;0;0;1,530647;2,19655;-0,114441;2,337456;3,370285;-0,085831;2,99263;4,302978;-0,014305;0;0;0;0;0;0;-0,360489;-0,022173;0,088692;-0,56076;-0,034332;0,131607;-0,7267;-0,044346;0,154495;0;0;0;0;0;0;2,048492;-0,241756;-0,054359;3,192902;-0,377655;-0,08297;4,182815;-0,496387;-0,100136;0;0;0;0;0;0;-0,143051;0,003576;0,031471;-0,22316;0,007153;0,042915;-0,297546;0,008583;0,05722;11,22883;14,76024;15,1885;16,13273;17,19849;41,78335;3,094084;1,386351;2,468152;-4,506196;3,673172;3,883276;-8,853614;3,523423;5,233491;5,29065;-8,034483;3,567766;9,844006;9,748728;-10,42708;3,332194;4,562011;5,28639;-1,003761;-0,219269;0,003791;0,008469;-0,280466;-0,41502;0;-0,003047;0,063915;0;0;-0,002232;-0,382748;0,016465;0;-0,001144;0,035076;0;0,002575;-0,002203;-60,22567;-13,15613;0,227451;0,508118;-16,82796;-24,9012;0;-0,182819;4,233169;0;0;-0,267792;-19,53163;0,790501;-0,068665;-0,068665;2,104568;0;0,154495;-0,132179
15;240;00:00:00:240;0;0;0;-1,82155;-2,132204;4,200567;-3,658604;-2,854936;8,529133;-5,415248;-3,365454;12,17962;-6,821413;-3,722795;14,94486;-2,252742;-1,407629;3,417371;-8,880938;-1,441213;7,038676;-13,34366;-1,881054;9,429299;-15,67608;-1,976679;10,79688;-17,48929;-1,935834;11,96134;-2,814304;-0,501551;2,397443;-9,712468;-0,062451;5,438853;-14,81569;0,735693;7,686539;-17,47553;1,387697;9,04035;-19,55497;2,100759;10,25795;-3,343352;0,267351;1,436723;-9,876709;1,134957;3,615333;-14,36764;1,794795;5,670715;-16,68194;2,528943;7,059868;-18,53495;3,494469;8,509828;-3,847096;1,04108;0,521879;-9,519169;2,324129;1,583273;-13,14059;2,93099;3,085215;-14,9338;3,369291;3,934839;-16,87024;4,028415;4,998273;-47,16602;44,74058;123,0704;16,44048;18,44458;-115,5197;19,53455;18,44457;-115,5197;21,06538;18,38987;-115,0612;21,06538;18,38987;-115,0612;-47,54599;44,74058;123,0704;-50,56716;42,21461;124,552;-46,46634;42,78673;125,1844;-41,90096;43,45809;126,1821;-42,06423;43,3026;125,9444;-52,43112;48,65818;116,3655;-51,06765;50,58273;113,0786;-47,36992;49,13094;111,0686;-43,54458;48,05164;109,1166;-43,36824;48,20141;109,3535;-59,03961;52,40443;107,8591;-51,47618;48,52607;112,4574;-43,13105;47,1186;110,4322;-36,5816;44,76738;105,9754;-36,36541;44,92805;106,282;-71,03291;56,46707;93,24017;-53,83775;50,08916;109,7627;-50,55253;48,85005;108,0455;-48,25616;46,14759;103,9634;-48,05841;46,359;104,2371;0;0;0;-101,9018;130,9363;-34,73125;-157,5809;105,6169;-72,54449;-183,7377;77,13516;-93,53386;-196,2158;53,68651;-105,4645;-7,047929;84,45772;12,26051;390,6438;89,47821;248,1528;645,6932;139,5888;408,7809;778,8101;147,5596;489,0729;882,1403;138,1267;548,3543;115,1403;27,99006;73,45618;576,681;4,649465;341,5489;935,0695;-63,62363;539,7968;1122,592;-130,4417;637,4782;1269,732;-209,6561;708,913;227,2218;-16,04573;131,0994;710,1334;-65,09669;406,816;1020,782;-123,1035;579,0225;1181,007;-205,9564;657,5485;1308,523;-323,7214;709,9652;335,4316;-62,47508;185,99;808,6581;-136,4526;451,1386;1068,454;-186,6154;595,0274;1197,572;-229,6321;663,0325;1337,516;-300,7123;731,9865;0;0;0;-3,23081;2,206564;-0,280201;-3,008365;7,354259;0,670552;-2,725124;11,89971;1,443028;-2,473354;15,4227;2,022743;-2,377778;2,381086;-0,587404;-3,789424;8,128881;-3,119945;-19,44065;-5,657672;-1,670837;-27,65751;-13,0384;-1,590729;-34,09195;-18,92924;-2,094269;-1,29962;2,608895;-0,979543;-2,12574;8,448421;-3,709316;11,5757;13,05664;-8,30841;19,09447;15,49887;-10,79464;25,29144;17,44366;-12,78591;-0,346184;2,823114;-1,333237;-0,517845;8,216857;-4,008293;0,78392;10,77819;-4,511833;1,688004;12,11929;-4,797935;2,626419;13,20648;-5,049705;0,593662;3,026962;-1,677275;1,167297;7,547378;-4,099845;-13,2122;11,01994;-3,115654;-20,75958;9,06372;-3,072738;-29,81758;3,16143;-4,179954;11,22044;14,76565;15,18899;16,12435;17,19849;41,78335;3,094084;1,386351;2,515906;-4,448142;3,673172;3,883327;-8,89373;3,52359;5,233491;5,29065;-8,037952;3,567876;9,843987;9,748728;-10,36908;3,330196;4,591286;5,312679;0;0;0;0;2,865257;3,483267;0;0,003047;-2,406978;0,009999;0;0;-0,208168;0,00658;-0,001144;0;3,47969;-0,119891;1,756496;1,577339;60,22567;13,15613;-0,227451;-0,508118;188,7434;233,8972;0;0,365639;-148,2536;0,599957;0;0,133896;10,47478;-0,59309;-0,068665;0,068665;206,6768;-7,193469;105,2353;94,77251
16;256;00:00:00:256;0;0;0;-1,82155;-2,132204;4,200567;-3,658604;-2,854936;8,529133;-5,415248;-3,365454;12,17962;-6,821413;-3,722795;14,94486;-2,252742;-1,407629;3,417371;-8,880938;-1,441213;7,038676;-13,34369;-1,880702;9,429307;-15,67612;-1,976139;10,79689;-17,48933;-1,935144;11,96134;-2,814304;-0,501551;2,397443;-9,712468;-0,062451;5,438853;-14,8156;0,735468;7,686838;-17,47539;1,387349;9,04081;-19,55478;2,100312;10,25854;-3,343352;0,267351;1,436723;-9,876709;1,134957;3,615333;-14,36776;1,795089;5,670355;-16,68213;2,5294;7,059309;-18,5352;3,495067;8,509096;-3,847096;1,04108;0,521879;-9,519169;2,324129;1,583273;-13,14059;2,93099;3,085215;-14,9338;3,369291;3,934839;-16,87024;4,028415;4,998273;-47,16602;44,74058;123,0704;16,44048;18,44458;-115,5197;19,53455;18,44457;-115,5197;21,06538;18,38987;-115,0612;21,06538;18,38987;-115,0612;-47,54599;44,74058;123,0704;-50,56562;42,21648;124,5497;-46,46475;42,78859;125,1822;-41,89932;43,45992;126,1799;-42,06261;43,30443;125,9422;-52,43112;48,65818;116,3655;-51,06393;50,58026;113,0834;-47,36619;49,12855;111,0733;-43,5408;48,04933;109,1214;-43,36443;48,1991;109,3582;-59,03961;52,40443;107,8591;-51,48107;48,52949;112,4509;-43,13597;47,12193;110,4258;-36,58668;44,77044;105,969;-36,37048;44,93111;106,2755;-71,03291;56,46707;93,24017;-53,83775;50,08916;109,7627;-50,55253;48,85005;108,0455;-48,25616;46,14759;103,9634;-48,05841;46,359;104,2371;0;0;0;-101,9018;130,9363;-34,73125;-157,5809;105,6169;-72,54449;-183,7377;77,13516;-93,53386;-196,2158;53,68651;-105,4645;-7,047929;84,45772;12,26051;390,6438;89,47821;248,1528;645,5287;139,4783;408,4334;778,5485;147,3902;488,5446;881,7934;137,9104;547,6859;115,1403;27,99006;73,45618;576,681;4,649465;341,5489;935,1055;-63,76227;539,9836;1122,648;-130,6552;637,7658;1269,804;-209,9305;709,2821;227,2218;-16,04573;131,0994;710,1334;-65,09669;406,816;1020,815;-123,1155;579,0322;1181,058;-205,9749;657,5635;1308,59;-323,7458;709,9848;335,4316;-62,47508;185,99;808,6581;-136,4526;451,1386;1068,402;-186,4698;594,8423;1197,467;-229,459;662,7212;1337,312;-300,5507;731,5032;0;0;0;0;0;0;0;0;0;0;0;0;0;0;0;0;0;0;0;0;0;-9,870528;-6,628275;-20,85113;-15,70129;-10,16593;-31,69727;-20,81108;-12,97832;-40,10582;0;0;0;0;0;0;2,162933;-8,318423;11,20949;3,353119;-12,81238;17,25483;4,331588;-16,46232;22,15004;0;0;0;0;0;0;1,98555;-0,715256;0,580788;3,084183;-1,112938;0,8955;4,045486;-1,459122;1,178741;0;0;0;0;0;0;-3,129959;8,736848;-11,10363;-6,317139;10,3898;-18,67676;-12,1994;9,698867;-28,99646;11,22059;14,76512;15,18978;16,12435;17,19849;41,78335;3,094084;1,386351;2,513416;-4,44497;3,673172;3,883327;-8,889798;3,52359;5,233454;5,29065;-8,04347;3,568096;9,843966;9,748728;-10,36908;3,330196;4,591286;5,312679;0;0;0;0;-0,149431;0,190315;0;0;0,23592;0;-0,00226;0;-0,331078;0,013175;-0,001202;0;0;0;0;0;0;0;0;0;-180,8813;-197,5771;0;-0,182819;158,5739;-0,599957;-0,135613;0;-7,374571;0,395679;-0,003433;0;-208,7814;7,193469;-105,3898;-94,64034
17;272;00:00:00:272;0;0;0;-1,81487;-2,137675;4,200677;-3,663935;-2,876884;8,521339;-5,431093;-3,402103;12,16466;-6,845335;-3,770873;14,92427;-2,24832;-1,41448;3,417452;-8,876348;-1,46853;7,038817;-13,344;-1,925568;9,416968;-15,67982;-2,030216;10,77807;-17,49639;-1,996413;11,93751;-2,812709;-0,5102;2,39749;-9,712179;-0,092433;5,438942;-14,81937;0,693473;7,68194;-17,48136;1,340365;9,033961;-19,56242;2,050351;10,25059;-3,344155;0,257009;1,43674;-9,880159;1,104378;3,61537;-14,37432;1,753244;5,667187;-16,69156;2,481863;7,054351;-18,54815;3,443088;8,502577;-3,850312;1,029127;0,521866;-9,52634;2,294566;1,583254;-13,15048;2,892585;3,082194;-14,94547;3,326548;3,930278;-16,88443;3,981041;4,991979;-47,16346;44,74242;123,2505;16,57227;18,64036;-115,2549;19,66635;18,64034;-115,2549;21,19879;18,58463;-114,796;21,19879;18,58463;-114,796;-47,54345;44,74243;123,2505;-50,75537;42,29173;124,6378;-46,65511;42,8654;125,2685;-42,08991;43,53913;126,2644;-42,25316;43,38308;126,0271;-52,42873;48,66023;116,5456;-51,12394;50,62369;113,1828;-47,3974;49,17064;111,1733;-43,54712;48,09069;109,2207;-43,37053;48,24047;109,4577;-59,03755;52,40668;108,0391;-51,52261;48,56237;112,5725;-43,17808;47,1538;110,5476;-36,63041;44,79999;106,0909;-36,4141;44,96083;106,3975;-71,03174;56,46958;93,41945;-53,89041;50,12468;109,8712;-50,60546;48,88457;108,1546;-48,30986;46,17954;104,0736;-48,11209;46,3911;104,3472;0;0;0;-101,9018;130,9363;-34,73125;-157,3011;106,6393;-72,022;-183,2048;79,04449;-92,58114;-195,4845;56,27698;-104,1904;-7,047929;84,45772;12,26051;390,6438;89,47821;248,1528;646,0732;140,1392;408,4017;779,3833;148,4039;488,5198;882,8589;139,2048;547,6865;115,1403;27,99006;73,45618;576,681;4,649465;341,5489;935,483;-63,74689;539,9055;1123,224;-130,7242;637,632;1270,534;-210,1347;709,0807;227,2218;-16,04573;131,0994;710,1334;-65,09669;406,816;1021,077;-123,1405;579,0176;1181,466;-206,0138;657,5412;1309,124;-323,7968;709,9569;335,4316;-62,47508;185,99;808,6581;-136,4526;451,1386;1068,633;-186,4753;594,8;1197,816;-229,4672;662,657;1337,794;-300,562;731,4146;0;0;0;0;0;0;16,78777;61,34462;31,34966;31,96978;114,5593;57,16323;43,87593;155,4279;76,44796;0;0;0;0;0;0;32,66716;39,65234;-1,90258;50,09079;60,8232;-1,493454;63,93241;77,66676;0,034332;0;0;0;0;0;0;22,64786;0,92268;-4,686355;34,58404;-4,137039;-8,028029;43,8137;-12,25233;-12,08496;0;0;0;0;0;0;15,73562;-1,500606;-0,872612;24,42741;-2,334594;-1,336098;32,01484;-3,059864;-1,676559;0;0;0;0;0;0;13,87024;-0,326157;-2,540588;20,95413;-0,492096;-3,850936;28,89633;-0,676632;-5,318641;11,20332;14,74633;15,17351;16,10981;16,9197;41,67241;3,094084;1,386351;2,413381;-4,573289;3,673172;3,883276;-8,955435;3,523923;5,262763;5,317029;-8,092744;3,569961;9,843987;9,748728;-10,4256;3,332077;4,591286;5,312753;-16,72726;-6,65657;0;0;-6,002082;-7,699184;0;-0,003047;-3,938198;0,019999;1,758528;1,582718;-2,956409;0,111909;0,001202;0;-3,391399;0,112839;0;0,004435;-1003,635;-399,3942;0;0;-351,1591;-473,3699;0;-0,182819;-250,4471;1,199913;105,6473;94,96306;-157,5199;5,924034;0,144196;0;-203,4839;6,770324;0;0,266075
18;288;00:00:00:288;0;0;0;-1,81487;-2,137675;4,200677;-3,663935;-2,876884;8,521339;-5,431093;-3,402103;12,16466;-6,845335;-3,770873;14,92427;-2,24832;-1,41448;3,417452;-8,876348;-1,46853;7,038817;-13,344;-1,925568;9,416968;-15,67982;-2,030216;10,77807;-17,49639;-1,996413;11,93751;-2,812709;-0,5102;2,39749;-9,712179;-0,092433;5,438942;-14,81937;0,693473;7,68194;-17,48136;1,340365;9,033961;-19,56242;2,050351;10,25059;-3,344155;0,257009;1,43674;-9,880159;1,104378;3,61537;-14,37432;1,753244;5,667187;-16,69156;2,481863;7,054351;-18,54815;3,443088;8,502577;-3,850312;1,029127;0,521866;-9,52634;2,294566;1,583254;-13,15048;2,892585;3,082194;-14,94547;3,326548;3,930278;-16,88443;3,981041;4,991979;-47,16346;44,74242;123,2505;16,57227;18,64036;-115,2549;19,66635;18,64034;-115,2549;21,19879;18,58463;-114,796;21,19879;18,58463;-114,796;-47,54345;44,74243;123,2505;-50,75537;42,29173;124,6378;-46,65511;42,8654;125,2685;-42,08991;43,53913;126,2644;-42,25316;43,38308;126,0271;-52,42873;48,66023;116,5456;-51,12394;50,62369;113,1828;-47,3974;49,17064;111,1733;-43,54712;48,09069;109,2207;-43,37053;48,24047;109,4577;-59,03755;52,40668;108,0391;-51,52261;48,56237;112,5725;-43,17808;47,1538;110,5476;-36,63041;44,79999;106,0909;-36,4141;44,96083;106,3975;-71,03174;56,46958;93,41945;-53,89041;50,12468;109,8712;-50,60546;48,88457;108,1546;-48,30986;46,17954;104,0736;-48,11209;46,3911;104,3472;0;0;0;-102,3026;131,2646;-34,73791;-156,9812;107,9561;-71,55441;-182,2541;81,24342;-91,68344;-194,0492;59,16169;-102,9552;-7,313199;84,86883;12,25559;390,3684;91,1172;248,1443;646,0919;142,8312;409,142;779,6057;151,6485;489,649;883,2823;142,881;549,1159;115,0446;28,50898;73,45336;576,6636;6,448373;341,5435;935,709;-61,2272;540,1993;1123,583;-127,9051;638,0429;1270,993;-207,137;709,5578;227,27;-15,42525;131,0983;710,3405;-63,26192;406,8139;1021,47;-120,6298;579,2078;1182,031;-203,1616;657,8386;1309,901;-320,678;710,3481;335,6245;-61,75788;185,9908;809,0883;-134,6788;451,1397;1069,226;-184,171;594,9812;1198,516;-226,9026;662,9306;1338,645;-297,7195;731,7922;0;0;0;-24,04904;19,69814;-0,399649;19,19246;79,01;28,05591;57,04236;131,9364;53,86162;86,12036;173,0829;74,11479;-15,91618;24,66631;-0,295043;-16,52241;98,33979;-0,506401;1,121521;161,5176;44,41738;13,34095;194,674;67,75474;25,40588;220,5684;85,76774;-5,742073;31,13544;-0,169158;-1,041412;107,9345;-0,320435;13,56125;151,1818;17,63248;21,49772;169,1444;24,65629;27,50587;179,8596;28,62739;2,889633;37,22906;-0,062943;12,42256;110,0861;-0,131607;23,60344;150,64;11,4069;33,94317;171,1349;17,84706;46,64039;187,1252;23,47469;11,5757;43,03193;0,044346;25,81215;106,4258;0,065804;35,5854;138,2575;10,87189;42,00554;153,8772;16,41655;51,06926;170,5441;22,6593;11,20332;14,74633;15,17351;16,10981;16,9197;41,67241;3,094084;1,386351;2,413381;-4,573289;3,673172;3,883276;-8,955435;3,523923;5,262763;5,317029;-8,092744;3,569961;9,843987;9,748728;-10,4256;3,332077;4,591286;5,312753;0;0;0;0;0;0;0;0;0;0;0;0;0;0;0;0;0;0;0;0;1003,635;399,3942;0;0;360,1249;461,951;0;0,182819;236,2919;-1,199913;-105,5117;-94,96306;177,3845;-6,714534;-0,072098;0;203,4839;-6,770324;0;-0,266075
19;304;00:00:00:304;0;0;0;-1,81487;-2,137675;4,200677;-3,663935;-2,876884;8,521339;-5,431093;-3,402103;12,16466;-6,845335;-3,770873;14,92427;-2,24832;-1,41448;3,417452;-8,876348;-1,46853;7,038817;-13,33631;-1,9207;9,432294;-15,66759;-2,022748;10,80134;-17,48019;-1,986877;11,96692;-2,812709;-0,5102;2,39749;-9,712179;-0,092433;5,438942;-14,81927;0,693249;7,682236;-17,48121;1,34002;9,034417;-19,56223;2,049908;10,25118;-3,344155;0,257009;1,43674;-9,880159;1,104378;3,61537;-14,37449;1,753659;5,666677;-16,69182;2,482508;7,053561;-18,54851;3,443932;8,501543;-3,850312;1,029127;0,521866;-9,52634;2,294566;1,583254;-13,15064;2,893026;3,081632;-14,94571;3,327214;3,92943;-16,88476;3,98196;4,990809;-47,16346;44,74242;123,2505;16,57227;18,64036;-115,2549;19,66635;18,64034;-115,2549;21,19879;18,58463;-114,796;21,19879;18,58463;-114,796;-47,54345;44,74243;123,2505;-50,51932;42,20333;124,7483;-46,41823;42,77508;125,3813;-41,8526;43,44579;126,3796;-42,01594;43,29045;126,1417;-52,42873;48,66023;116,5456;-51,12023;50,62125;113,1876;-47,39367;49,16827;111,1781;-43,54335;48,08841;109,2255;-43,36676;48,23818;109,4625;-59,03755;52,40668;108,0391;-51,52953;48,56722;112,5632;-43,18507;47,15849;110,5385;-36,6376;44,80429;106,0818;-36,42128;44,96518;106,3883;-71,03174;56,46958;93,41945;-53,90066;50,1309;109,8579;-50,61572;48,89057;108,1414;-48,3202;46,18506;104,0607;-48,12243;46,39666;104,3343;0;0;0;-102,3026;131,2646;-34,73791;-156,9812;107,9561;-71,55441;-182,2541;81,24342;-91,68344;-194,0492;59,16169;-102,9552;-7,313199;84,86883;12,25559;390,3684;91,1172;248,1443;645,4382;141,9854;409,1812;778,6029;150,3512;489,6799;882,002;141,2244;549,1159;115,0446;28,50898;73,45336;576,6636;6,448373;341,5435;935,6863;-61,22731;540,2029;1123,548;-127,9053;638,0485;1270,948;-207,1373;709,5649;227,27;-15,42525;131,0983;710,3405;-63,26192;406,8139;1021,511;-120,631;579,202;1182,094;-203,1634;657,8297;1309,983;-320,6804;710,3367;335,6245;-61,75788;185,9908;809,0883;-134,6788;451,1397;1069,269;-184,172;594,9732;1198,581;-226,9041;662,9186;1338,735;-297,7217;731,7758;0;0;0;0;0;0;0;0;0;0;0;0;0;0;0;0;0;0;0;0;0;-39,2189;-50,74453;2,354622;-60,16158;-77,83984;1,853943;-76,82418;-99,39765;0;0;0;0;0;0;0;-1,361847;-0,006795;0,214577;-2,099991;-0,010014;0,331879;-2,706527;-0,014305;0,426292;0;0;0;0;0;0;2,414703;-0,06938;-0,343323;3,753662;-0,108719;-0,535011;4,920959;-0,143051;-0,683784;0;0;0;0;0;0;2,592087;-0,060797;-0,477791;3,908157;-0,092983;-0,723839;5,390167;-0,127316;-0,989914;11,18163;14,7458;15,17462;16,11118;16,9197;41,67241;3,094084;1,386351;2,533737;-4,41415;3,673118;3,883327;-8,951551;3,523868;5,262763;5,316992;-8,100552;3,570235;9,843987;9,748747;-10,43617;3,332488;4,591243;5,312679;0;0;0;0;7,22135;9,548348;-0,00319;0,003047;0,233002;-0,003319;0;-0,002203;-0,468464;0,016451;0;0,001144;-0,633774;0,024676;-0,002575;-0,004435;0;0;0;0;433,281;572,9009;-0,191402;0,182819;13,9801;-0,199127;0;-0,132179;-28,10783;0,987053;0;0,068665;-38,02642;1,480579;-0,154495;-0,266075
20;320;00:00:00:320;0;0;0;-1,81487;-2,137675;4,200677;-3,659916;-2,873353;8,52366;-5,423659;-3,39554;12,16907;-6,835306;-3,761994;14,93032;-2,24832;-1,41448;3,417452;-8,876348;-1,46853;7,038817;-13,33631;-1,9207;9,432294;-15,66759;-2,022748;10,80134;-17,48019;-1,986877;11,96692;-2,812709;-0,5102;2,39749;-9,712179;-0,092433;5,438942;-14,81914;0,692944;7,682639;-17,48101;1,339551;9,035039;-19,56197;2,049306;10,25197;-3,344155;0,257009;1,43674;-9,880159;1,104378;3,61537;-14,37449;1,753659;5,666677;-16,69182;2,482508;7,053561;-18,54851;3,443932;8,501543;-3,850312;1,029127;0,521866;-9,52634;2,294566;1,583254;-13,14966;2,890322;3,085073;-14,94423;3,32313;3,934628;-16,88272;3,976329;4,997978;-47,16346;44,74242;123,2505;16,53715;18,58001;-115,2812;19,63122;18,58;-115,2812;21,16316;18,52455;-114,8224;21,16317;18,52455;-114,8224;-47,54345;44,74243;123,2505;-50,51932;42,20333;124,7483;-46,41823;42,77508;125,3813;-41,8526;43,44579;126,3796;-42,01594;43,29045;126,1417;-52,42873;48,66023;116,5456;-51,1152;50,61792;113,1941;-47,38863;49,16505;111,1845;-43,53823;48,0853;109,2319;-43,36164;48,23505;109,4689;-59,03755;52,40668;108,0391;-51,52953;48,56722;112,5632;-43,18507;47,15849;110,5385;-36,6376;44,80429;106,0818;-36,42128;44,96518;106,3883;-71,03174;56,46958;93,41945;-53,83801;50,0928;109,9396;-50,55294;48,85369;108,2223;-48,25692;46,15122;104,1399;-48,05917;46,3626;104,4136;0;0;0;-102,3026;131,2646;-34,73791;-157,0473;107,6443;-71,69875;-182,3802;80,66144;-91,94697;-194,2224;58,37232;-103,3079;-7,313199;84,86883;12,25559;390,3684;91,1172;248,1443;644,9765;141,6934;408,2616;777,8691;149,9031;488,2834;881,0303;140,6522;547,3517;115,0446;28,50898;73,45336;576,6636;6,448373;341,5435;935,6497;-61,21402;540,19;1123,491;-127,8848;638,0287;1270,875;-207,111;709,5393;227,27;-15,42525;131,0983;710,3405;-63,26192;406,8139;1021,521;-120,6559;579,2325;1182,11;-203,2021;657,8771;1310,005;-320,731;710,3987;335,6245;-61,75788;185,9908;809,0883;-134,6788;451,1397;1069,014;-184,1922;595,0555;1198,196;-226,9347;663,0429;1338,204;-297,7639;731,9474;0;0;0;0;0;0;-3,963947;-18,70823;-8,660673;-7,563828;-34,91914;-15,8118;-10,39624;-47,36244;-21,16227;0;0;0;0;0;0;-27,70615;-17,52233;-55,17483;-44,03114;-26,88146;-83,78791;-58,30192;-34,32798;-105,8493;0;0;0;0;0;0;-2,197265;0,797153;-0,775337;-3,381729;1,226663;-1,187324;-4,354476;1,576424;-1,536369;0;0;0;0;0;0;0,617981;-1,494169;1,831054;0,967026;-2,320289;2,843857;1,281738;-3,038406;3,72219;0;0;0;0;0;0;-15,29503;-1,215219;4,935264;-23,10562;-1,833915;7,461547;-31,85463;-2,530575;10,29968;11,19136;14,75215;15,1807;16,1085;17,00359;41,70117;3,094084;1,38621;2,533737;-4,41415;3,673118;3,883327;-8,946239;3,523868;5,262763;5,317029;-8,100552;3,570235;9,843987;9,748747;-10,37149;3,330313;4,591328;5,312753;5,033111;1,725769;0;-0,008469;0;0;0;0;0,318775;0;0;0,002203;0;0;0;0;3,880634;-0,130463;0,005121;0,004435;301,9867;103,5461;0;-0,508118;-433,281;-572,9009;0,191402;-0,182819;5,146407;0,199127;0;0,264359;28,10783;-0,987053;0;-0,068665;270,8644;-9,308337;0,461769;0,53215
21;336;00:00:00:336;0;0;0;-1,81487;-2,137675;4,200677;-3,659916;-2,873353;8,52366;-5,423659;-3,39554;12,16907;-6,835306;-3,761994;14,93032;-2,24832;-1,41448;3,417452;-8,876348;-1,46853;7,038817;-13,33659;-1,920695;9,431771;-15,66803;-2,02274;10,80055;-17,48077;-1,986866;11,96591;-2,812709;-0,5102;2,39749;-9,712179;-0,092433;5,438942;-14,81869;0,691886;7,684042;-17,48098;1,336727;9,036448;-19,56299;2,044229;10,2529;-3,344155;0,257009;1,43674;-9,880159;1,104378;3,61537;-14,37449;1,753659;5,666677;-16,69182;2,482508;7,053561;-18,54851;3,443932;8,501543;-3,850312;1,029127;0,521866;-9,52634;2,294566;1,583254;-13,14966;2,890322;3,085073;-14,94423;3,32313;3,934628;-16,88272;3,976329;4,997978;-47,16346;44,74242;123,2505;16,53715;18,58001;-115,2812;19,63122;18,58;-115,2812;21,16316;18,52455;-114,8224;21,16317;18,52455;-114,8224;-47,54345;44,74243;123,2505;-50,52667;42,20728;124,7434;-46,42559;42,77908;125,3763;-41,85995;43,4499;126,3745;-42,02328;43,29453;126,1367;-52,42873;48,66023;116,5456;-51,09771;50,60633;113,2168;-47,40032;49,15386;111,207;-43,57549;48,07386;109,2551;-43,39908;48,22372;109,4919;-59,03755;52,40668;108,0391;-51,52953;48,56722;112,5632;-43,18507;47,15849;110,5385;-36,6376;44,80429;106,0818;-36,42128;44,96518;106,3883;-71,03174;56,46958;93,41945;-53,83801;50,0928;109,9396;-50,55294;48,85369;108,2223;-48,25692;46,15122;104,1399;-48,05917;46,3626;104,4136;0;0;0;-102,3026;131,2646;-34,73791;-157,2885;107,4325;-71,83796;-182,8262;80,26762;-92,21162;-194,8242;57,83954;-103,6708;-7,313199;84,86883;12,25559;390,3684;91,1172;248,1443;645,0052;141,7143;408,2613;777,9133;149,9352;488,2836;881,0867;140,6931;547,3529;115,0446;28,50898;73,45336;576,6636;6,448373;341,5435;935,5343;-61,19627;540,1828;1123,319;-127,7649;638,0309;1270,663;-206,8412;709,5726;227,27;-15,42525;131,0983;710,3405;-63,26192;406,8139;1021,521;-120,6559;579,2325;1182,11;-203,2021;657,8771;1310,005;-320,731;710,3987;335,6245;-61,75788;185,9908;809,0883;-134,6788;451,1397;1068,955;-184,03;594,8491;1198,107;-226,6897;662,7311;1338,082;-297,426;731,5173;0;0;0;0;0;0;-14,46891;-12,71081;-8,352398;-26,76344;-23,62883;-15,87868;-36,10539;-31,96656;-21,77453;0;0;0;0;0;0;1,728058;1,253128;-0,020027;2,652168;1,923322;0,008583;3,387451;2,455473;0,071526;0;0;0;0;0;0;-6,923676;1,065016;-0,432015;-10,36835;7,197618;0,137329;-12,70866;16,1848;1,994133;0;0;0;0;0;0;0;0;0;0;0;0;0;0;0;0;0;0;0;0;0;-3,52478;9,732484;-12,38537;-5,31578;14,70136;-18,71109;-7,324218;20,26892;-25,80929;11,19218;14,75074;15,1807;16,1085;17,00359;41,70117;3,094084;1,38621;2,528323;-4,418097;3,673172;3,883276;-8,927816;3,523812;5,233491;5,29065;-8,100552;3,570235;9,843987;9,748747;-10,37149;3,330313;4,591328;5,312753;0;0;0;0;-0,324812;-0,236836;0,00319;-0,003047;1,105328;-0,003333;-1,756267;-1,582718;0;0;0;0;0;0;0;0;-301,9867;-103,5461;0;0,508118;-19,48871;-14,21013;0,191402;-0,182819;47,19315;-0,199986;-105,376;-95,09524;0;0;0;0;-232,838;7,827758;-0,307274;-0,266075
22;352;00:00:00:352;0;0;0;-1,81487;-2,137675;4,200677;-3,660571;-2,872309;8,523558;-5,424856;-3,393591;12,16883;-6,836908;-3,759352;14,92997;-2,24832;-1,41448;3,417452;-8,876348;-1,46853;7,038817;-13,33701;-1,920334;9,431046;-15,66869;-2,022185;10,79944;-17,48162;-1,986156;11,96449;-2,812709;-0,5102;2,39749;-9,712179;-0,092433;5,438942;-14,81904;0,692709;7,682951;-17,48153;1,337995;9,034768;-19,56369;2,045857;10,25074;-3,344155;0,257009;1,43674;-9,880159;1,104378;3,61537;-14,37457;1,753839;5,666456;-16,69194;2,482788;7,053216;-18,54866;3,444299;8,501093;-3,850312;1,029127;0,521866;-9,52634;2,294566;1,583254;-13,14966;2,890322;3,085073;-14,94423;3,32313;3,934628;-16,88272;3,976329;4,997978;-47,16346;44,74242;123,2505;16,54926;18,57332;-115,2841;19,64334;18,57331;-115,2841;21,17522;18,51778;-114,8254;21,17522;18,51778;-114,8254;-47,54345;44,74243;123,2505;-50,53544;42,21469;124,7341;-46,43433;42,78657;125,367;-41,86861;43,4575;126,3652;-42,03196;43,3021;126,1274;-52,42873;48,66023;116,5456;-51,11131;50,61533;113,1992;-47,414;49,16256;111,1895;-43,58931;48,08225;109,2377;-43,41291;48,23213;109,4745;-59,03755;52,40668;108,0391;-51,53254;48,56934;112,5592;-43,18811;47,16053;110,5345;-36,64072;44,80616;106,0778;-36,4244;44,96706;106,3844;-71,03174;56,46958;93,41945;-53,83801;50,0928;109,9396;-50,55294;48,85369;108,2223;-48,25692;46,15122;104,1399;-48,05917;46,3626;104,4136;0;0;0;-102,3026;131,2646;-34,73791;-157,2317;107,3965;-71,80657;-182,719;80,20139;-92,15578;-194,6779;57,75035;-103,597;-7,313199;84,86883;12,25559;390,3684;91,1172;248,1443;645,0757;141,7265;408,294;778,0219;149,9539;488,3336;881,2264;140,717;547,4172;115,0446;28,50898;73,45336;576,6636;6,448373;341,5435;935,5908;-61,13237;540,0854;1123,446;-127,5948;637,9263;1270,89;-206,5358;709,491;227,27;-15,42525;131,0983;710,3405;-63,26192;406,8139;1021,539;-120,6564;579,23;1182,137;-203,2029;657,8733;1310,041;-320,7321;710,3937;335,6245;-61,75788;185,9908;809,0883;-134,6788;451,1397;1068,955;-184,03;594,8491;1198,107;-226,6897;662,7311;1338,082;-297,426;731,5173;0;0;0;0;0;0;3,406048;-2,159357;1,88291;6,437302;-3,974318;3,350258;8,781194;-5,351543;4,426002;0;0;0;0;0;0;4,222869;0,731707;1,962662;6,51741;1,120806;3,004074;8,382796;1,431227;3,856658;0;0;0;0;0;0;3,387451;3,834128;-5,845069;7,627486;10,20241;-6,279945;13,61275;18,32485;-4,892349;0;0;0;0;0;0;1,052856;-0,030041;-0,148773;1,630783;-0,048637;-0,228882;2,145767;-0,061512;-0,300407;0;0;0;0;0;0;0;0;0;0;0;0;0;0;0;11,19144;14,75014;15,17855;16,10601;17,00983;41,6879;3,09402;1,386351;2,518239;-4,420402;3,673225;3,883276;-8,942152;3,523868;5,233491;5,29065;-8,103944;3,5704;9,843987;9,748728;-10,37149;3,330313;4,591328;5,312753;0,374222;-0,796509;-0,003791;0,008469;-0,605049;-0,138273;0,003204;0;-0,860138;0,003333;0;0;-0,203533;0,009885;0;-0,001144;0;0;0;0;22,4533;-47,79052;-0,227451;0,508118;-16,81423;5,913733;0,000858;0,182819;-117,9279;0,399971;105,376;94,96306;-12,21199;0,59309;0;-0,068665;0;0;0;0
23;368;00:00:00:368;0;0;0;-1,814989;-2,137215;4,20086;-3,663116;-2,870228;8,522979;-5,429412;-3,390076;12,16749;-6,842979;-3,754725;14,928;-2,248367;-1,413983;3,417628;-8,876212;-1,466833;7,039343;-13,33704;-1,916734;9,431628;-15,66876;-2,017572;10,80003;-17,48168;-1,98074;11,96507;-2,812664;-0,509655;2,397658;-9,711908;-0,090668;5,439454;-14,81875;0,695895;7,683011;-17,48118;1,341939;9,034569;-19,56326;2,050409;10,25033;-3,344039;0,257599;1,436905;-9,879794;1,106094;3,615842;-14,37401;1,756405;5,667072;-16,69121;2,485807;7,053889;-18,54772;3,447698;8,501794;-3,850121;1,02976;0,522026;-9,525892;2,296143;1,583658;-13,14899;2,892397;3,085819;-14,94343;3,325454;3,93554;-16,88172;3,978925;4,999065;-47,15813;44,74275;123,2452;16,58294;18,57353;-115,2922;19,67701;18,57352;-115,2922;21,20888;18,51774;-114,8335;21,20888;18,51774;-114,8335;-47,5381;44,74274;123,2452;-50,52861;42,22234;124,7192;-46,42732;42,79416;125,3523;-41,86134;43,465;126,3507;-42,02476;43,30963;126,1128;-52,4231;48,66099;116,5407;-51,11409;50,622;113,1834;-47,41705;49,16916;111,1737;-43,59264;48,08876;109,2217;-43,41618;48,23867;109,4585;-59,03168;52,40799;108,0346;-51,52787;48,57096;112,5531;-43,18365;47,16228;110,5281;-36,63666;44,80814;106,0711;-36,4203;44,96901;106,3777;-71,02608;56,47174;93,41505;-53,82915;50,09201;109,939;-50,54428;48,8531;108,2214;-48,24865;46,15102;104,1385;-48,05087;46,36237;104,4123;0;0;0;-102,3026;131,2646;-34,73791;-157,0547;107,3495;-71,69321;-182,3868;80,11557;-91,94876;-194,226;57,63539;-103,3197;-7,313199;84,86883;12,25559;390,3684;91,1172;248,1443;645,1536;141,6617;408,3431;778,1419;149,8544;488,4074;881,3805;140,59;547,509;115,0446;28,50898;73,45336;576,6636;6,448373;341,5435;935,6646;-61,18149;540,1425;1123,559;-127,6705;638,0141;1271,036;-206,6331;709,6041;227,27;-15,42525;131,0983;710,3405;-63,26192;406,8139;1021,548;-120,6673;579,2426;1182,152;-203,2199;657,8929;1310,06;-320,7544;710,4194;335,6245;-61,75788;185,9908;809,0883;-134,6788;451,1397;1068,942;-184,0297;594,8516;1198,087;-226,6892;662,7349;1338,054;-297,4254;731,5223;0;0;0;0;0;0;10,62155;-2,816677;6,802082;19,92917;-5,149126;12,42113;27,10962;-6,897569;16,64042;0;0;0;0;0;0;4,674911;-3,886699;2,943992;7,198333;-5,965232;4,426002;9,241103;-7,622479;5,507469;0;0;0;0;0;0;4,428863;-2,947211;3,427505;6,820679;-4,540443;5,270004;8,777617;-5,835056;6,783485;0;0;0;0;0;0;0,577927;-0,658035;0,752449;0,892639;-1,019955;1,17588;1,167297;-1,34182;1,53923;0;0;0;0;0;0;-0,812531;0,019312;0,151634;-1,23024;0,02718;0,231743;-1,693726;0,040054;0,306129;11,18517;14,74401;15,17142;16,09874;16,99839;41,65182;3,09402;1,386351;2,508114;-4,412241;3,673172;3,883327;-8,951179;3,523868;5,233491;5,29065;-8,104913;3,570455;9,844006;9,748747;-10,36815;3,330137;4,591286;5,312716;-0,686073;-2,164307;0;0;-0,607481;0,489635;-0,003204;0,003047;-0,541592;0;0;0;-0,058136;0,00329;0,001144;0,001144;0,200329;-0,010586;-0,002546;-0,002232;-63,6177;-82,06787;0,227451;-0,508118;-0,145912;37,67452;-0,384521;0,182819;19,11277;-0,199986;0;0;8,72383;-0,395679;0,068665;0,137329;12,01973;-0,635147;-0,152779;-0,133896
24;384;00:00:00:384;0;0;0;-1,814989;-2,137215;4,20086;-3,663116;-2,870228;8,522979;-5,429412;-3,390076;12,16749;-6,842979;-3,754725;14,928;-2,248367;-1,413983;3,417628;-8,876212;-1,466833;7,039343;-13,33704;-1,916734;9,431628;-15,66876;-2,017572;10,80003;-17,48168;-1,98074;11,96507;-2,812664;-0,509655;2,397658;-9,711908;-0,090668;5,439454;-14,81875;0,695895;7,683011;-17,48118;1,341939;9,034569;-19,56326;2,050409;10,25033;-3,344039;0,257599;1,436905;-9,879794;1,106094;3,615842;-14,37401;1,756405;5,667072;-16,69121;2,485807;7,053889;-18,54772;3,447698;8,501794;-3,850121;1,02976;0,522026;-9,525892;2,296143;1,583658;-13,14899;2,892397;3,085819;-14,94343;3,325454;3,93554;-16,88172;3,978925;4,999065;-47,15813;44,74275;123,2452;16,58294;18,57353;-115,2922;19,67701;18,57352;-115,2922;21,20888;18,51774;-114,8335;21,20888;18,51774;-114,8335;-47,5381;44,74274;123,2452;-50,52861;42,22234;124,7192;-46,42732;42,79416;125,3523;-41,86134;43,465;126,3507;-42,02476;43,30963;126,1128;-52,4231;48,66099;116,5407;-51,11409;50,622;113,1834;-47,41705;49,16916;111,1737;-43,59264;48,08876;109,2217;-43,41618;48,23867;109,4585;-59,03168;52,40799;108,0346;-51,52787;48,57096;112,5531;-43,18365;47,16228;110,5281;-36,63666;44,80814;106,0711;-36,4203;44,96901;106,3777;-71,02608;56,47174;93,41505;-53,82915;50,09201;109,939;-50,54428;48,8531;108,2214;-48,24865;46,15102;104,1385;-48,05087;46,36237;104,4123;0;0;0;-102,2954;131,237;-34,74884;-156,902;107,2247;-71,65842;-182,1134;79,90463;-91,86784;-193,8618;57,35777;-103,2012;-7,310427;84,839;12,24507;390,3603;91,01537;248,1128;645,1552;141,4457;408,3081;778,1458;149,5777;488,372;881,384;140,265;547,4745;115,0419;28,4763;73,44326;576,6474;6,342501;341,5128;935,6472;-61,37264;540,1389;1123,539;-127,9071;638,0261;1271,011;-206,9061;709,6292;227,263;-15,46063;131,0884;710,3185;-63,36492;406,7856;1021,515;-120,8213;579,2056;1182,108;-203,4011;657,8525;1310,003;-320,9583;710,3774;335,6131;-61,79584;185,9812;809,0615;-134,7734;451,1154;1068,902;-184,1542;594,8068;1198,038;-226,8286;662,6802;1337,994;-297,5811;731,4572;0;0;0;0,430584;-1,657248;-0,65589;9,162425;-7,490872;2,086758;16,40153;-12,65609;4,854798;21,85464;-16,65759;7,107496;0,166297;-1,789212;-0,63166;-0,487804;-6,110429;-1,893997;0,097275;-12,95757;-2,09713;0,234604;-16,60394;-2,122879;0,211716;-19,49715;-2,07138;-0,160933;-1,960873;-0,606179;-0,972748;-6,352365;-1,842499;-1,041412;-11,46877;-0,214577;-1,241684;-14,1964;0,718117;-1,522064;-16,38365;1,507759;-0,417709;-2,122879;-0,592947;-1,31607;-6,179451;-1,696587;-1,991272;-9,238242;-2,217293;-2,626419;-10,87189;-2,423286;-3,410339;-12,23373;-2,520561;-0,686645;-2,277374;-0,57435;-1,607895;-5,676984;-1,456261;-2,414703;-7,469415;-2,6865;-2,912521;-8,36563;-3,287315;-3,604888;-9,3441;-3,913879;11,18517;14,74401;15,17142;16,09874;16,99839;41,65182;3,09402;1,386351;2,508114;-4,412241;3,673172;3,883327;-8,951179;3,523868;5,233491;5,29065;-8,104913;3,570455;9,844006;9,748747;-10,36815;3,330137;4,591286;5,312716;0;0;0;0;0;0;0;0;0;0;0;0;0;0;0;0;0;0;0;0;41,16439;129,8584;0;0;36,44886;-29,37812;0,192261;-0,182819;32,4955;0;0;0;3,488159;-0,197411;-0,068665;-0,068665;-12,01973;0,635147;0,152779;0,133896
25;400;00:00:00:400;0;0;0;-1,814977;-2,136689;4,201133;-3,666074;-2,868121;8,522249;-5,434851;-3,386587;12,16575;-6,850289;-3,750172;14,92544;-2,248338;-1,41351;3,417843;-8,876068;-1,465607;7,039781;-13,33754;-1,914062;9,431129;-15,66998;-2,015226;10,79827;-17,48386;-1,979453;11,96187;-2,812615;-0,50925;2,397801;-9,711736;-0,089553;5,439781;-14,81732;0,694892;7,686931;-17,47906;1,3398;9,040403;-19,56056;2,047354;10,25769;-3,343977;0,25794;1,436989;-9,879611;1,107037;3,616056;-14,37381;1,758023;5,667119;-16,69096;2,487812;7,0538;-18,54741;3,450055;8,501549;-3,850044;1,030039;0,522049;-9,525706;2,296862;1,583742;-13,14877;2,893637;3,085761;-14,94319;3,326966;3,935395;-16,88145;3,980748;4,998806;-47,1515;44,7465;123,2465;16,62527;18,57554;-115,2918;19,71935;18,57553;-115,2918;21,25122;18,51942;-114,8332;21,25122;18,51942;-114,8332;-47,53147;44,7465;123,2465;-50,53419;42,23956;124,7032;-46,46201;42,81144;125,3363;-41,92236;43,48272;126,3345;-42,08572;43,32716;126,0968;-52,41668;48,66527;116,5422;-51,06412;50,59755;113,2415;-47,36728;49,14584;111,2307;-43,54276;48,06657;109,2782;-43,36632;48,21632;109,5151;-59,02585;52,41284;108,0359;-51,52533;48,5779;112,5496;-43,18155;47,16928;110,5243;-36,63542;44,81524;106,0666;-36,41901;44,9761;106,3732;-71,02206;56,47734;93,41504;-53,82701;50,09899;109,9353;-50,54251;48,86009;108,2174;-48,24768;46,15808;104,1339;-48,04985;46,36944;104,4077;0;0;0;-102,2954;131,237;-34,74884;-156,7452;107,2626;-71,5303;-181,8169;79,9774;-91,63708;-193,4566;57,45802;-102,8947;-7,310427;84,839;12,24507;390,3603;91,01537;248,1128;645,2528;141,4473;408,3122;778,2964;149,6632;488,3772;881,5759;140,4767;547,4882;115,0419;28,4763;73,44326;576,6474;6,342501;341,5128;935,3785;-61,37392;540,1812;1123,125;-127,9091;638,0911;1270,479;-206,9087;709,7123;227,263;-15,46063;131,0884;710,3185;-63,36492;406,7856;1021,535;-120,8219;579,2028;1182,139;-203,402;657,848;1310,043;-320,9595;710,3717;335,6131;-61,79584;185,9812;809,0615;-134,7734;451,1154;1068,917;-184,1545;594,804;1198,062;-226,8291;662,6758;1338,026;-297,5818;731,4513;0;0;0;0;0;0;9,406327;2,273082;7,68721;17,79413;4,365921;13,84556;24,31154;6,0153;18,38922;0;0;0;0;0;0;5,856514;0,09656;0,243187;9,03511;5,129814;0,311852;11,51276;12,69937;0,823975;0;0;0;0;0;0;-16,12472;-0,077248;2,537727;-24,82796;-0,118732;3,899574;-31,9004;-0,151634;4,983902;0;0;0;0;0;0;1,190185;-0,035048;-0,171661;1,842499;-0,052929;-0,268936;2,414703;-0,070095;-0,343323;0;0;0;0;0;0;0,921249;-0,021458;-0,171661;1,396179;-0,031471;-0,257492;1,928329;-0,045776;-0,349045;11,17994;14,72923;15,16352;16,09128;16,98024;41,61001;3,094084;1,386351;2,489629;-4,412508;3,643842;3,856915;-8,905144;3,523701;5,233454;5,29065;-8,108739;3,570509;9,843987;9,748747;-10,37195;3,330313;4,591328;5,312716;-1,08902;-2,508774;0,003791;0;-1,109133;-0,015993;-1,759744;-1,584749;2,762089;-0,010014;-0,00226;0;-0,229569;0,00329;-0,001144;0;-0,22768;0,010586;0,002546;0;-65,34119;-150,5264;0,227451;0;-66,54797;-0,959587;-105,5846;-95,08494;165,7253;-0,600815;-0,135613;0;-13,77411;0,197411;-0,068665;0;-13,66081;0,635147;0,152779;0
26;416;00:00:00:416;0;0;0;-1,815098;-2,136228;4,201315;-3,670455;-2,865294;8,521004;-5,442782;-3,381673;12,16308;-6,860896;-3,743644;14,9216;-2,248384;-1,413013;3,418019;-8,875934;-1,463909;7,040304;-13,33747;-1,909274;9,43212;-15,66986;-2,008789;10,79947;-17,48363;-1,971706;11,96319;-2,812571;-0,508705;2,397969;-9,711465;-0,087788;5,440292;-14,81716;0,69838;7,68659;-17,47892;1,344209;9,039588;-19,5604;2,052504;10,25648;-3,343861;0,25853;1,437153;-9,879246;1,108754;3,616526;-14,37321;1,760479;5,667868;-16,69016;2,490661;7,05468;-18,54637;3,45323;8,50252;-3,849853;1,030671;0,522208;-9,525256;2,29844;1,584146;-13,14817;2,895892;3,086279;-14,94248;3,329562;3,935962;-16,88058;3,983717;4,999416;-47,14616;44,74683;123,2411;16,68433;18,5793;-115,2984;19,7784;18,5793;-115,2984;21,31028;18,52275;-114,8398;21,31029;18,52274;-114,8398;-47,52614;44,74682;123,2411;-50,51675;42,2506;124,6841;-46,44423;42,82232;125,3176;-41,90413;43,49337;126,3162;-42,06758;43,33786;126,0783;-52,41103;48,66602;116,5373;-51,07189;50,60752;113,2193;-47,37535;49,15563;111,2084;-43,55116;48,07618;109,2558;-43,37466;48,22596;109,4927;-59,01999;52,41415;108,0314;-51,51884;48,57825;112,546;-43,17524;47,16978;110,5204;-36,62945;44,81606;106,0623;-36,41302;44,97691;106,3689;-71,01639;56,4795;93,41067;-53,82232;50,10074;109,9293;-50,53801;48,86195;108,2112;-48,24363;46,16014;104,1272;-48,04576;46,37148;104,401;0;0;0;-102,2962;131,2054;-34,76522;-156,3324;107,1682;-71,3021;-181,0456;79,83109;-91,20118;-192,4103;57,27266;-102,3007;-7,312171;84,81058;12,23217;390,3517;90,9418;248,0865;645,358;141,172;408,3539;778,4852;149,346;488,4968;881,8544;140,1742;547,6937;115,039;28,45198;73,43468;576,637;6,275565;341,4932;935,3763;-61,31334;539,9329;1123,126;-127,7802;637,7209;1270,482;-206,7246;709,2445;227,2593;-15,48106;131,0834;710,3076;-63,42152;406,7727;1021,517;-120,9187;579,2009;1182,115;-203,522;657,8547;1310,014;-321,1006;710,3879;335,6084;-61,81257;185,9798;809,0503;-134,8166;451,1104;1068,908;-184,2291;594,8067;1198,053;-226,92;662,6835;1338,018;-297,6914;731,4654;0;0;0;-0,044346;-1,894712;-0,98294;24,76501;-5,664825;13,6925;46,27847;-8,77869;26,1544;62,77942;-11,12151;35,64119;-0,104606;-1,705527;-0,773817;-0,517845;-4,4142;-1,577854;6,311417;-16,52241;2,506256;11,32965;-19,03295;7,175445;16,70837;-18,14818;12,33101;-0,174522;-1,458764;-0,514269;-0,623703;-4,016116;-1,178741;-0,131607;3,634929;-14,89734;0,085831;7,736205;-22,21012;0,171661;11,04355;-28,06664;-0,22459;-1,226038;-0,301838;-0,658035;-3,396034;-0,772476;-1,075745;-5,811452;-0,117302;-1,407623;-7,201194;0,403404;-1,785278;-8,465766;0,975609;-0,27895;-1,004219;-0,0844;-0,675201;-2,589941;-0,300407;-0,53215;-4,471778;0,165939;-0,492096;-5,453109;0,460625;-0,492096;-6,5732;0,844002;11,16846;14,71856;15,1509;16,07968;16,95945;41,54826;3,09402;1,386351;2,474962;-4,390793;3,643896;3,856915;-8,91945;3,523756;5,233491;5,29065;-8,107674;3,570509;9,843987;9,748728;-10,37291;3,330313;4,591243;5,312716;-1,24752;-3,705368;-0,003791;0;-0,879979;1,302881;0,003219;0;-0,858364;0,003333;0,00226;0;0,063915;0;0;-0,001144;-0,058022;0;-0,005121;0;-9,510033;-71,79565;-0,454903;0;13,74922;79,13245;105,7777;95,08494;-217,2271;0,8008;0,271225;0;17,60902;-0,197411;0,068665;-0,068665;10,17952;-0,635147;-0,460052;0
27;432;00:00:00:432;0;0;0;-1,815876;-2,136078;4,201056;-3,673139;-2,866031;8,519773;-5,447075;-3,383163;12,16096;-6,86641;-3,745706;14,91878;-2,249;-1,41285;3,417681;-8,877127;-1,463351;7,038914;-13,33856;-1,906584;9,431316;-15,67045;-2,003854;10,79968;-17,48339;-1,964176;11,96462;-2,812978;-0,508526;2,397529;-9,712334;-0,087208;5,438751;-14,8182;0,698905;7,684694;-17,48005;1,344701;9,037514;-19,56162;2,052967;10,25427;-3,344076;0,258724;1,436618;-9,879763;1,109319;3,614943;-14,37403;1,761327;5,665537;-16,69044;2,492699;7,052622;-18,54523;3,457;8,501123;-3,849882;1,03088;0,521583;-9,52539;2,298959;1,582602;-13,14811;2,895513;3,085561;-14,94232;3,328721;3,935675;-16,88033;3,982359;4,999619;-47,15628;44,75245;123,231;16,70366;18,6003;-115,2908;19,79773;18,60029;-115,2908;21,32978;18,54359;-114,8321;21,32979;18,54358;-114,8321;-47,53627;44,75245;123,231;-50,50047;42,25688;124,6741;-46,39841;42,82848;125,3079;-41,83129;43,49892;126,3073;-41,99497;43,34365;126,0692;-52,42283;48,67075;116,5255;-51,07876;50,60795;113,214;-47,38203;49,1559;111,2034;-43,5577;48,07629;109,2509;-43,38122;48,22611;109,4878;-59,03378;52,41768;108,0175;-51,53144;48,58269;112,5333;-43,15843;47,17392;110,508;-36,58746;44,82108;106,0486;-36,37088;44,98176;106,3554;-71,03275;56,48081;93,39404;-53,8096;50,08892;109,9498;-50,52507;48,85037;108,2317;-48,23018;46,1492;104,1476;-48,03231;46,36051;104,4215;0;0;0;-102,2889;131,1778;-34,77616;-156,0501;107,0905;-71,18497;-180,5327;79,70789;-90,96336;-191,723;57,11383;-101,9671;-7,309399;84,78076;12,22162;390,3435;90,83995;248,0551;645,3536;140,7457;408,3052;778,4778;148,6636;488,4376;881,8416;139,2286;547,6167;115,0363;28,4193;73,42461;576,6208;6,169693;341,4625;935,3309;-61,5228;539,959;1123,063;-128,045;637,7784;1270,401;-207,0339;709,3284;227,2524;-15,51644;131,0735;710,2856;-63,52451;406,7445;1021,483;-121,0662;579,1556;1182,063;-203,7764;657,7825;1309,926;-321,5102;710,2545;335,597;-61,85053;185,9702;809,0234;-134,9112;451,0862;1068,763;-184,3618;594,7955;1197,847;-227,0719;662,6794;1337,74;-297,8643;731,4702;0;0;0;0,434876;-1,657248;-0,65589;16,93797;-4,656314;7,027388;30,7703;-7,391452;14,26935;41,23664;-9,530066;20,015;0,166297;-1,789212;-0,633001;-0,486374;-6,110429;-1,882553;-0,260353;-25,57611;-2,923965;-0,44632;-40,94553;-3,556252;-0,766754;-56,7348;-4,620552;-0,160933;-1,961052;-0,604749;-0,972748;-6,35232;-1,841068;-2,717972;-12,5674;1,562118;-3,828048;-15,8894;3,450394;-4,852294;-18,55945;5,0354;-0,416279;-2,122968;-0,592232;-1,31607;-6,179451;-1,693726;-2,04277;-8,844851;-2,715111;-3,170013;-15,26356;-4,331588;-5,28717;-24,57619;-8,010863;-0,688076;-2,277374;-0,573635;-1,613617;-5,678415;-1,4534;-8,686065;-7,962941;-0,67234;-12,38823;-9,110927;-0,246048;-16,6626;-10,37121;0,286102;11,16338;14,71566;15,14794;16,07456;16,93476;41,53981;3,09402;1,386351;2,47433;-4,36453;3,673172;3,883327;-8,913302;3,523701;5,233454;5,29065;-8,108061;3,570509;9,873267;9,775053;-10,3464;3,329432;4,591328;5,312716;-1,481094;-0,506516;0;0;-0,037966;1,575794;1,756525;1,584749;0,368843;-0,003333;-0,00226;0;-0,023232;0;1,75684;1,579513;1,590671;-0,052915;0,005121;0;-14,01443;191,9311;0,227451;0;50,52079;16,37478;105,1984;95,08494;73,63242;-0,399971;-0,271225;0;-5,228805;0;105,4104;94,83946;98,92157;-3,174877;0,614548;0
28;448;00:00:00:448;0;0;0;-1,815085;-2,135702;4,201588;-3,674344;-2,867159;8,519195;-5,449974;-3,385584;12,15937;-6,870595;-3,749116;14,9164;-2,248354;-1,412539;3,418233;-8,875788;-1,462683;7,04074;-13,33664;-1,902818;9,434802;-15,6685;-1,999529;10,80325;-17,48173;-1,960205;11,96775;-2,812522;-0,5083;2,398112;-9,711293;-0,086672;5,440619;-14,81691;0,700113;7,686882;-17,47861;1,346284;9,039838;-19,56002;2,054863;10,25667;-3,343799;0,25887;1,437237;-9,879064;1,109697;3,616739;-14,37299;1,762044;5,667977;-16,68988;2,492586;7,054689;-18,54602;3,455482;8,502404;-3,849775;1,03095;0,522231;-9,525072;2,299159;1,584227;-13,14752;2,895948;3,087726;-14,94159;3,329283;3,938093;-16,87941;3,983072;5,002293;-47,13953;44,75058;123,2424;16,72236;18,62748;-115,278;19,81644;18,62746;-115,2779;21,34871;18,57062;-114,8193;21,34871;18,57061;-114,8193;-47,5195;44,75057;123,2424;-50,46198;42,2645;124,6722;-46,38875;42,83578;125,3066;-41,84772;43,50612;126,3063;-42,0114;43,35079;126,0682;-52,40461;48,67031;116,5388;-51,06713;50,61306;113,2188;-47,37104;49,16127;111,2075;-43,54721;48,08191;109,2545;-43,37069;48,23167;109,4915;-59,01415;52,41901;108,0327;-51,51543;48,58459;112,5437;-43,17225;47,1762;110,5177;-36,6273;44,82262;106,059;-36,41081;44,98346;106,3656;-71,01237;56,48511;93,41065;-53,79273;50,09098;109,9613;-50,50875;48,85275;108,2426;-48,21494;46,15234;104,1572;-48,01701;46,36359;104,4312;0;0;0;-102,2422;131,1687;-34,76058;-155,8259;107,3222;-71,00742;-180,155;80,14741;-90,64713;-191,2275;57,71264;-101,5451;-7,272429;84,77098;12,24191;390,4152;90,80647;248,1385;645,4859;140,42;408,3687;778,6165;148,1985;488,442;881,9582;138,6635;547,5524;115,0607;28,40856;73,451;576,6729;6,134861;341,555;935,438;-61,55408;540,0657;1123,2;-128,0742;637,892;1270,564;-207,0612;709,447;227,2653;-15,52809;131,1056;710,3167;-63,55842;406,8395;1021,545;-121,1174;579,2937;1182,107;-203,8159;657,9221;1309,913;-321,5182;710,4094;335,5987;-61,86303;186,0078;809,0314;-134,9424;451,1788;1068,768;-184,3392;594,8372;1197,85;-227,0218;662,6946;1337,741;-297,7832;731,4549;0;0;0;2,801656;-0,542164;0,934839;13,45253;13,8967;10,65373;22,66502;26,37076;18,97395;29,7296;35,92872;25,32005;2,218187;-0,586867;1,217723;4,297256;-2,009153;5,002498;7,936477;-19,54007;3,810882;8,319854;-27,90713;0,266075;6,998062;-33,90527;-3,856658;1,466989;-0,644445;1,583934;3,127098;-2,089955;5,548954;6,425858;-1,876831;6,40583;8,251189;-1,750231;6,817818;9,773253;-1,639366;7,118225;0,773907;-0,698715;1,925468;1,862526;-2,034545;5,702018;3,713607;-3,077745;8,285522;2,672195;-2,370357;8,371352;-0,749588;-0,479221;9,295463;0,105858;-0,750303;2,251625;0,480652;-1,870394;5,558967;0,257492;1,353264;2,497673;0,160217;3,006935;0,906944;0,085831;4,8666;-0,915527;11,15755;14,71124;15,14467;16,07024;16,88323;41,51657;3,09402;1,38621;2,461004;-4,333501;3,643842;3,856915;-8,921036;3,523756;5,233454;5,290688;-8,110531;3,570619;9,844006;9,748728;-10,34832;3,329432;4,591328;5,312716;-3,092079;-1,394806;0;-0,008469;-0,799527;1,861753;-1,759744;-1,584749;-0,464001;0,003333;0;0,002232;-0,148201;0,00658;-1,755695;-1,579513;-0,115242;0;0;0;-96,65907;-53,29741;0;-0,508118;-45,69368;17,15755;-210,9761;-190,1699;-49,97062;0,399971;0,135613;0,133896;-7,498168;0,394821;-210,7521;-189,5416;-102,3548;3,174877;-0,307274;0
29;464;00:00:00:464;0;0;0;-1,811945;-2,136042;4,20277;-3,682599;-2,87776;8,513698;-5,467905;-3,404981;12,14787;-6,895874;-3,775228;14,90021;-2,245811;-1,412844;3,419779;-8,870605;-1,463468;7,047109;-13,32912;-1,90023;9,446133;-15,65956;-1,99514;10,81713;-17,4715;-1,954381;11,98357;-2,810756;-0,508559;2,400127;-9,707326;-0,087385;5,447686;-14,81106;0,698431;7,698559;-17,47165;1,344073;9,053947;-19,55208;2,052218;10,27271;-3,342761;0,258653;1,439689;-9,87647;1,109097;3,624006;-14,36861;1,7604;5,679471;-16,68435;2,490354;7,068424;-18,53931;3,452729;8,517989;-3,849433;1,030774;0,525102;-9,524003;2,298704;1,591314;-13,14526;2,894935;3,097904;-14,93866;3,327982;3,949818;-16,87567;3,981445;5,015708;-47,09326;44,72459;123,2771;16,81986;18,80254;-115,2066;19,91394;18,80251;-115,2066;21,44766;18,74494;-114,7475;21,44766;18,74492;-114,7475;-47,47325;44,72457;123,2771;-50,37879;42,24469;124,6949;-46,30511;42,81527;125,3302;-41,76367;43,48454;126,3309;-41,92743;43,32948;126,0926;-52,35059;48,64832;116,5815;-50,99854;50,5862;113,2794;-47,30307;49,13595;111,2665;-43,47944;48,05812;109,3125;-43,30286;48,20773;109,5496;-58,951;52,40252;108,0848;-51,44691;48,55643;112,6044;-43,10417;47,14962;110,577;-36,55932;44,79972;106,1162;-36,34282;44,96032;106,423;-70,93734;56,4789;93,47531;-53,72606;50,06862;110,0187;-50,44273;48,83168;108,2985;-48,15024;46,13443;104,2101;-47,95218;46,34546;104,4843;0;0;0;-102,2897;131,1462;-34,79254;-155,4291;108,3679;-70,43856;-179,364;82,11958;-89,5793;-190,1303;60,39625;-100,1027;-7,311187;84,75234;12,20874;390,3348;90,7664;248,0289;645,4152;139,9516;408,1797;778,5687;147,567;488,2506;881,9476;137,9503;547,3821;115,0334;28,39499;73,41604;576,6105;6,102758;341,4429;935,2965;-61,62688;539,9444;1123,014;-128,1696;637,768;1270,341;-207,1757;709,3228;227,2486;-15,53688;131,0685;710,2747;-63,58112;406,7317;1021,41;-121,1583;579,1575;1181,961;-203,8058;657,814;1309,813;-321,4228;710,353;335,5923;-61,86729;185,9689;809,0123;-134,9544;451,0813;1068,701;-184,3646;594,713;1197,758;-227,0544;662,5582;1337,62;-297,8244;731,3066;0;0;0;-2,848863;-1,351833;-1,917779;23,80872;62,74509;34,13129;47,46151;118,3301;64,06974;65,82927;161,0166;86,54379;-2,325475;-1,118302;-1,990199;-4,822254;-2,404332;-6,574631;-4,245758;-28,10884;-11,33823;-2,863884;-37,88709;-11,48415;-0,635147;-42,79518;-10,21671;-1,642942;-0,813961;-2,098202;-3,74794;-1,926116;-6,723404;-8,491515;-4,367709;-7,278441;-11,16371;-5,727767;-7,444381;-13,42392;-6,865025;-7,458686;-0,998497;-0,527501;-2,225876;-2,5177;-1,362204;-6,468773;-8,090972;-2,453327;-8,173942;-8,754729;0,602245;-6,483078;-6,008148;5,723476;-3,381729;-0,383377;-0,254989;-2,333164;-1,144409;-0,720978;-5,853652;-4,016876;-1,521349;-7,447242;-5,527496;-1,955509;-8,179664;-7,307052;-2,473354;-8,894919;11,12053;14,6817;15,11773;16,04573;16,6151;41,39711;3,09402;1,386492;2,451522;-4,287747;3,643896;3,856915;-8,909995;3,523701;5,233454;5,29065;-8,096528;3,570071;9,843966;9,748728;-10,34052;3,329196;4,591286;5,312679;-16,08776;-7,167205;0;0,016944;-0,568957;2,745209;0,003219;0;0,662441;-0,003333;0;-0,002232;0,840168;-0,032916;-0,002346;0;0,467892;-0,014119;-0,002546;-0,002203;-779,7409;-346,344;0;1,524782;13,83419;53,00731;105,7777;95,08494;67,58651;-0,399971;0;-0,267792;59,30213;-2,369785;105,2009;94,7708;34,98802;-0,847149;-0,152779;-0,132179
30;480;00:00:00:480;0;0;0;-1,811945;-2,136042;4,20277;-3,682599;-2,87776;8,513698;-5,467905;-3,404981;12,14787;-6,895874;-3,775228;14,90021;-2,245811;-1,412844;3,419779;-8,870605;-1,463468;7,047109;-13,3291;-1,899056;9,446387;-15,6595;-1,993338;10,8175;-17,47138;-1,952078;11,98402;-2,810756;-0,508559;2,400127;-9,707326;-0,087385;5,447686;-14,81106;0,698426;7,698567;-17,47164;1,344065;9,053959;-19,55208;2,052208;10,27273;-3,342761;0,258653;1,439689;-9,87647;1,109097;3,624006;-14,36866;1,760512;5,679335;-16,68443;2,490528;7,068212;-18,53941;3,452957;8,51771;-3,849433;1,030774;0,525102;-9,524003;2,298704;1,591314;-13,14508;2,894428;3,098549;-14,93838;3,327215;3,950793;-16,87528;3,980386;5,017053;-47,09326;44,72459;123,2771;16,81986;18,80254;-115,2066;19,91394;18,80251;-115,2066;21,44766;18,74494;-114,7475;21,44766;18,74492;-114,7475;-47,47325;44,72457;123,2771;-50,37043;42,24915;124,6893;-46,2966;42,81966;125,3248;-41,75496;43,48883;126,3257;-41,91877;43,33379;126,0873;-52,35059;48,64832;116,5815;-50,99845;50,58615;113,2795;-47,30299;49,1359;111,2666;-43,47935;48,05806;109,3126;-43,30276;48,20767;109,5498;-58,951;52,40252;108,0848;-51,44879;48,55772;112,6019;-43,10605;47,15089;110,5746;-36,56126;44,80091;106,1138;-36,34474;44,9615;106,4206;-70,93734;56,4789;93,47531;-53,71433;50,06143;110,0339;-50,43097;48,82473;108,3137;-48,13839;46,12803;104,2249;-47,94033;46,33904;104,4992;0;0;0;-102,4781;131,1666;-34,86348;-154,9338;109,004;-70,10873;-178,2881;83,28339;-88,88956;-188,6136;61,96297;-99,13131;-7,463737;84,77063;12,11603;390,0238;90,81348;247,6468;644,9948;139,7313;407,5061;778,0793;147,204;487,425;881,3944;137,4736;546,439;114,9274;28,41057;73,29512;576,3724;6,145483;341,0189;934,9449;-61,52598;539,244;1122,595;-128,037;636,9216;1269,863;-207,017;708,3604;227,1864;-15,52386;130,9214;710,1191;-63,54511;406,2957;1021,158;-121,06;578,4664;1181,646;-203,6724;656,9875;1309,433;-321,2583;709,4147;335,5718;-61,85671;185,7966;808,9481;-134,9271;450,6561;1068,515;-184,3027;594,1113;1197,507;-226,9745;661,8685;1337,291;-297,7243;730,5206;0;0;0;-11,3039;1,222372;-4,256665;29,71887;38,16318;19,78934;64,54967;69,82862;41,38398;91,00484;94,0032;58,28475;-9,153037;1,09756;-5,562901;-18,65816;2,825618;-22,92681;-25,22278;-13,2165;-40,42053;-29,36554;-21,78097;-49,53289;-33,19358;-28,59735;-56,59103;-6,356478;0,934303;-7,254838;-14,28223;2,563476;-25,44165;-21,09718;6,053566;-42,02842;-25,11406;7,957934;-50,78316;-28,63884;9,521483;-57,7383;-3,735065;0,78097;-8,82697;-9,338378;2,160787;-26,15833;-15,1062;5,899429;-41,46194;-18,89419;8,006572;-49,58725;-22,80807;9,870528;-56,29921;-1,233101;0,634432;-10,33473;-3,850936;1,639366;-25,50888;-11,12366;3,716468;-36,10038;-15,04326;4,789352;-41,38469;-19,68956;6,005287;-47,16396;11,12067;14,68169;15,11803;16,04416;16,6151;41,39711;3,09402;1,386492;2,445446;-4,275488;3,643842;3,856915;-8,909907;3,523701;5,233491;5,29065;-8,098637;3,570125;9,843987;9,748728;-10,32838;3,328784;4,591286;5,312716;0;0;0;0;-0,364523;0,73554;-0,003219;0;0,005264;0;0,00226;0;-0,126514;0,00329;0,001202;0;0,728703;-0,024705;0;0,002203;965,2656;430,0323;0;-1,016665;12,26606;-120,5801;-0,386238;0;-39,43061;0,199986;0,135613;0,133896;-58,00094;2,172374;0,21286;0;15,64865;-0,635147;0,152779;0,264359
31;496;00:00:00:496;0;0;0;-1,806178;-2,135647;4,205452;-3,673718;-2,87491;8,518151;-5,4564;-3,400066;12,15391;-6,882383;-3,768749;14,90749;-2,241208;-1,412736;3,422842;-8,861513;-1,464415;7,058339;-13,31663;-1,8946;9,464851;-15,64499;-1,985955;10,83963;-17,45504;-1,942334;12,0089;-2,807658;-0,508824;2,403694;-9,700584;-0,088903;5,459653;-14,8019;0,696294;7,716235;-17,46106;1,341658;9,07454;-19,54025;2,049624;10,29554;-3,341057;0,258038;1,443749;-9,872303;1,107144;3,63593;-14,36162;1,756524;5,698164;-16,67559;2,485515;7,090571;-18,5288;3,447145;8,542872;-3,849067;1,029824;0,529623;-9,522669;2,296416;1,602553;-13,14168;2,890446;3,115411;-14,93386;3,322402;3,970428;-16,86941;3,974685;5,039676;-47,00089;44,69601;123,3579;16,79537;18,75508;-115,2135;19,88942;18,75506;-115,2135;21,42276;18,69766;-114,7545;21,42275;18,69766;-114,7546;-47,38087;44,69601;123,3579;-50,23426;42,23977;124,7382;-46,15934;42,80918;125,3754;-41,61646;43,47658;126,3783;-41,78057;43,32193;126,1395;-52,2469;48,62759;116,6751;-50,89402;50,57285;113,3733;-47,20098;49,12494;111,3569;-43,379;48,0494;109,4004;-43,20218;48,19872;109,6378;-58,83489;52,39216;108,1926;-51,32282;48,5273;112,7242;-42,98195;47,12344;110,6934;-36,43966;44,7801;106,2273;-36,22297;44,94022;106,5345;-70,80844;56,4867;93,59859;-53,58124;50,03424;110,1644;-50,29998;48,80012;108,4406;-48,01174;46,10964;104,3446;-47,81332;46,32023;104,6194;0;0;0;-102,4781;131,1666;-34,86348;-154,7754;108,9675;-70,00292;-177,9888;83,21766;-88,69998;-188,205;61,8755;-98,88017;-7,463737;84,77063;12,11603;390,0238;90,81348;247,6468;645,1348;139,3085;407,5227;778,2929;146,5554;487,4398;881,6657;136,6454;546,4433;114,9274;28,41057;73,29512;576,3724;6,145483;341,0189;934,9769;-61,52549;539,2385;1122,645;-128,0363;636,9133;1269,926;-207,016;708,3497;227,1864;-15,52386;130,9214;710,1191;-63,54511;406,2957;1021,041;-121,0633;578,4915;1181,465;-203,6775;657,0266;1309,194;-321,2649;709,4654;335,5718;-61,85671;185,7966;808,9481;-134,9271;450,6561;1068,405;-184,2698;594,0908;1197,34;-226,9249;661,8372;1337,061;-297,6559;730,4777;0;0;0;0;0;0;9,505748;-2,185821;6,34861;17,95792;-3,94392;11,37507;24,51753;-5,248188;15,06865;0;0;0;0;0;0;8,397101;-25,36511;0,995636;12,81738;-38,91277;0,886917;16,27922;-49,6931;0,257492;0;0;0;0;0;0;1,916885;0,029325;-0,326157;2,952575;0,044346;-0,497818;3,787994;0,05722;-0,646591;0;0;0;0;0;0;-7,02095;-0,19598;1,507759;-10,90622;-0,303268;2,340317;-14,29939;-0,397682;3,044128;0;0;0;0;0;0;-6,626129;1,969099;-1,23024;-10,00786;2,975464;-1,87397;-13,80157;4,102706;-2,572059;11,11389;14,67464;15,10683;16,03357;16,61625;41,35782;3,09402;1,38621;2,417189;-4,208916;3,643896;3,856915;-8,915375;3,523701;5,233491;5,290688;-8,075453;3,569248;9,843966;9,748747;-10,30408;3,327961;4,591286;5,312716;0,068779;-2,357712;0;-0,016944;-1,695413;3,99436;0,003219;0;-0,328045;0;0;0,002232;1,391029;-0,052643;-0,001202;0,001144;1,457748;-0,04941;0;0;4,12674;-141,4627;0;-1,016665;-79,85343;195,5292;0,386238;0;-19,99855;0;-0,135613;0,133896;91,05261;-3,355979;-0,144196;0,068665;43,74274;-1,482296;0;-0,132179
32;512;00:00:00:512;0;0;0;-1,806178;-2,135647;4,205452;-3,673718;-2,87491;8,518151;-5,4564;-3,400066;12,15391;-6,882383;-3,768749;14,90749;-2,241208;-1,412736;3,422842;-8,861513;-1,464415;7,058339;-13,31606;-1,893327;9,466126;-15,64406;-1,984003;10,84155;-17,45378;-1,93984;12,01131;-2,807658;-0,508824;2,403694;-9,700584;-0,088903;5,459653;-14,80189;0,696283;7,716249;-17,46105;1,341641;9,074562;-19,54024;2,049603;10,29556;-3,341057;0,258038;1,443749;-9,872303;1,107144;3,63593;-14,36184;1,757046;5,697525;-16,67593;2,486325;7,089577;-18,52924;3,448208;8,541573;-3,849067;1,029824;0,529623;-9,522669;2,296416;1,602553;-13,14103;2,891468;3,116568;-14,93282;3,323936;3,97215;-16,86785;3,97678;5,041997;-47,00089;44,69601;123,3579;16,79537;18,75508;-115,2135;19,88942;18,75506;-115,2135;21,42276;18,69766;-114,7545;21,42275;18,69766;-114,7546;-47,38087;44,69601;123,3579;-50,21103;42,23706;124,7415;-46,13592;42,80628;125,379;-41,59286;43,47338;126,3823;-41,75702;43,31882;126,1434;-52,2469;48,62759;116,6751;-50,89384;50,57273;113,3735;-47,20081;49,12484;111,3571;-43,37881;48,0493;109,4006;-43,202;48,19862;109,6381;-58,83489;52,39216;108,1926;-51,33151;48,53344;112,7126;-42,9907;47,12938;110,6819;-36,44868;44,78556;106,2158;-36,23197;44,94571;106,523;-70,80844;56,4867;93,59859;-53,55204;50,0307;110,1719;-50,27139;48,79714;108,4473;-47,98432;46,10802;104,3495;-47,78579;46,31851;104,6245;0;0;0;-102,8241;131,1429;-35,02442;-155,3082;108,7965;-70,27012;-178,6791;82,92277;-89,06229;-189,0144;61,48673;-99,31683;-7,739916;84,76413;11,93225;389,4784;90,8703;246,973;644,3648;138,9302;406,4221;777,3889;145,9423;486,1192;880,6429;135,8435;544,9547;114,7415;28,42643;73,08109;575,968;6,236569;340,3008;934,4258;-61,3976;538,1785;1122,008;-127,8918;635,6787;1269,214;-206,861;706,9816;227,0841;-15,48693;130,6778;709,8691;-63,42794;405,5803;1020,67;-120,8255;577,3547;1181,013;-203,379;655,674;1308,661;-320,9191;707,9413;335,5498;-61,7997;185,5254;808,8681;-134,7898;449,9818;1068,173;-184,1276;593,0785;1197,026;-226,7819;660,6543;1336,649;-297,5143;729,1057;0;0;0;-20,75887;-1,421213;-9,655951;-31,9705;-10,25963;-16,03138;-41,41616;-17,69328;-21,73912;-48,56658;-23,32592;-26,19982;-16,57069;-0,390172;-11,02656;-32,72724;3,408909;-40,42625;-46,19407;-22,70078;-66,03812;-54,23927;-36,78846;-79,23888;-61,36893;-48,11668;-89,31541;-11,15441;0,952005;-12,84242;-24,26719;5,465135;-43,08414;-33,06198;7,67362;-63,59767;-38,20037;8,665322;-74,07474;-42,72651;9,299754;-82,0856;-6,135463;2,21613;-14,61768;-15,00034;7,030249;-42,92678;-22,28164;14,26721;-68,2125;-27,08244;17,91;-81,15863;-32,00912;20,74528;-91,44687;-1,317501;3,420711;-16,27564;-4,800796;8,237599;-40,46344;-13,89885;8,535861;-60,74237;-18,83125;8,584498;-70,97625;-24,73068;8,494376;-82,32307;11,11248;14,67461;15,10823;16,03218;16,61625;41,35782;3,09402;1,38621;2,42083;-4,188018;3,643842;3,856966;-8,915197;3,523756;5,233491;5,29065;-8,085269;3,569687;9,843987;9,748728;-10,29812;3,351585;4,591286;5,312753;0;0;0;0;0,218468;1,253872;-0,003219;0,003047;0,010643;0,003333;0;-0,002232;-0,58897;0,026321;0,001202;-0,001144;0,357513;1,417465;0;0,002232;-4,12674;141,4627;0;1,016665;114,8329;-164,4293;-0,386238;0,182819;20,32127;0,199986;0;-0,267792;-118,8;4,737854;0,144196;-0,137329;-66,01409;88,01249;0;0,133896
33;528;00:00:00:528;0;0;0;-1,800789;-2,138694;4,206215;-3,669535;-2,878906;8,518229;-5,453247;-3,404889;12,15336;-6,880013;-3,774209;14,90645;-2,236979;-1,415588;3,42443;-8,853488;-1,472345;7,066756;-13,30378;-1,898593;9,482869;-15,62927;-1,987862;10,86263;-17,43679;-1,942593;12,03575;-2,80492;-0,511423;2,406338;-9,694878;-0,096412;5,469655;-14,7937;0,683942;7,733527;-17,45148;1,326664;9,095786;-19,52951;2,032463;10,32;-3,339683;0,255677;1,447343;-9,869062;1,100495;3,646729;-14,35599;1,745297;5,715594;-16,66855;2,471706;7,111683;-18,52043;3,431043;8,567186;-3,849012;1,027691;0,534143;-9,522108;2,290987;1,613606;-13,13981;2,88522;3,129503;-14,93125;3,317254;3,986056;-16,86584;3,969589;5,056998;-46,95414;44,63858;123,4184;16,80764;18,77096;-115,2022;19,90172;18,77094;-115,2022;21,43517;18,71346;-114,7432;21,43517;18,71345;-114,7432;-47,33412;44,63859;123,4184;-50,08755;42,18214;124,794;-46,01217;42,75034;125,4326;-41,46912;43,41585;126,4369;-41,63326;43,26168;126,1978;-52,18686;48,57442;116,7478;-50,80696;50,50871;113,4786;-47,1131;49,06279;111,4614;-43,28983;47,98924;109,5047;-43,11312;48,1383;109,7423;-58,75776;52,34541;108,2814;-51,23527;48,46118;112,8304;-42,89334;47,05942;110,799;-36,34795;44,72096;106,3326;-36,13145;44,88073;106,6398;-70,70461;56,45333;93,7128;-53,52061;50,00667;110,2024;-50,23967;48,77374;108,4776;-47,95184;46,08618;104,3793;-47,75333;46,29655;104,6544;0;0;0;-102,8241;131,1429;-35,02442;-154,9943;108,8647;-70,01911;-178,0856;83,05405;-88,61066;-188,2038;61,66782;-98,717;-7,739916;84,76413;11,93225;389,4784;90,8703;246,973;644,3446;138,4119;406,3782;777,3553;145,1473;486,0389;880,5964;134,8283;544,8339;114,7415;28,42643;73,08109;575,968;6,236569;340,3008;934,3036;-61,39754;538,1968;1121,82;-127,8917;635,7067;1268,972;-206,8609;707,0175;227,0841;-15,48693;130,6778;709,8691;-63,42794;405,5803;1020,501;-120,8516;577,4186;1180,752;-203,4194;655,7732;1308,319;-320,9722;708,0703;335,5498;-61,7997;185,5254;808,8681;-134,7898;449,9818;1068,302;-184,1928;592,9786;1197,216;-226,8799;660,5049;1336,904;-297,6483;728,9026;0;0;0;0;0;0;18,83197;4,091978;15,06042;35,609;7,876753;27,09818;48,63667;10,86545;35,98988;0;0;0;0;0;0;-1,213074;-31,09789;-2,632141;-2,017021;-47,69969;-4,815101;-2,786636;-60,90903;-7,244109;0;0;0;0;0;0;-7,335662;0,003576;1,092911;-11,30104;0,007153;1,67942;-14,52255;0,007153;2,157211;0;0;0;0;0;0;-10,09941;-1,564264;3,839492;-15,66124;-2,429008;5,956649;-20,51353;-3,181458;7,741927;0;0;0;0;0;0;7,701873;-3,91674;-5,993843;11,41548;-5,882263;-8,963584;15,2893;-8,035182;-12,1851;11,0924;14,65478;15,08646;16,0217;16,5826;41,27493;3,09402;1,386492;2,41638;-4,104701;3,643896;3,856915;-8,894305;3,52359;5,233491;5,290613;-8,050203;3,568315;9,843987;9,748728;-10,33904;3,352987;4,591328;5,312716;-2,019081;-4,973144;0;0,016944;-0,267048;4,999036;0,003219;-0,003047;1,253528;-0,009999;0;-0,002232;2,103939;-0,082283;0;0;-2,454872;0,0841;0,002546;-0,002232;-121,1449;-298,3886;0;1,016665;-29,13093;224,7099;0,386238;-0,365639;74,57313;-0,799942;0;0;161,5745;-6,516265;-0,072098;0,068665;-168,7431;-80,00191;0,152779;-0,267792
34;544;00:00:00:544;0;0;0;-1,799705;-2,140137;4,205945;-3,672558;-2,880846;8,516091;-5,459721;-3,407222;12,14947;-6,889097;-3,77683;14,90117;-2,236125;-1,416832;3,424473;-8,851854;-1,475291;7,068188;-13,29927;-1,891893;9,491283;-15,62284;-1,976024;10,87458;-17,42853;-1,926677;12,05035;-2,804362;-0,512407;2,406778;-9,693707;-0,098945;5,471685;-14,79212;0,680273;7,736865;-17,44967;1,322349;9,099876;-19,52751;2,027593;10,32475;-3,339397;0,254937;1,448131;-9,868385;1,098502;3,649161;-14,35547;1,743568;5,717589;-16,66811;2,470062;7,113515;-18,52003;3,429415;8,568946;-3,84899;1,027184;0,535275;-9,521969;2,289644;1,616328;-13,13885;2,881587;3,135084;-14,92986;3,312431;3,993125;-16,86397;3,963406;5,065773;-46,95337;44,61729;123,4241;16,85428;18,80245;-115,1943;19,94835;18,80244;-115,1943;21,48206;18,74459;-114,7353;21,48206;18,74459;-114,7353;-47,33336;44,61729;123,4241;-49,95597;42,17286;124,7842;-45,87954;42,73997;125,4245;-41,33531;43,40378;126,4308;-41,49971;43,25001;126,1912;-52,18232;48,55334;116,7563;-50,80051;50,48796;113,4886;-47,10575;49,0422;111,4719;-43,28159;47,96883;109,5159;-43,10499;48,11786;109,7533;-58,7478;52,32502;108,2943;-51,25003;48,45561;112,8119;-42,9074;47,05351;110,7812;-36,36074;44,71433;106,316;-36,14434;44,87416;106,6232;-70,68469;56,43511;93,73452;-53,4777;49,9647;110,259;-50,19592;48,73261;108,5342;-47,90614;46,04722;104,436;-47,70776;46,25743;104,7111;0;0;0;-103,1474;131,3257;-35,07015;-155,0045;109,2082;-69,81647;-177,8194;83,53998;-88,20412;-187,7236;62,26421;-98,15803;-7,993697;84,93527;11,83695;388,9968;91,34612;246,4679;643,6773;137,9749;405,4296;776,5756;144,2241;484,8344;879,7162;133,5192;543,4102;114,5772;28,58238;72,92246;575,6255;6,687111;339,7007;933,8131;-60,65707;537,1599;1121,247;-126,9931;634,433;1268,331;-205,8325;705,5508;227,0017;-15,3453;130,4622;709,6746;-63,029;404,9323;1020,276;-120,1502;576,3166;1180,505;-202,5479;654,4193;1308,046;-319,9497;706,4979;335,5465;-61,6717;185,2541;808,8344;-134,4641;449,3185;1068,082;-183,8145;592,2292;1196,9;-226,4737;659,711;1336,477;-297,2096;728,0586;0;0;0;-19,40059;10,96845;-2,7439;-0,611544;20,61009;12,15863;15,97523;29,15561;24,39201;28,80978;35,78281;33,53834;-15,2269;10,26857;-5,718469;-28,89347;28,54872;-30,30395;-40,04001;-26,21841;-56,91719;-46,78344;-55,39227;-72,27229;-52,81448;-78,5458;-85,42728;-9,856938;9,356796;-9,517192;-20,54786;27,03255;-36,00454;-29,42848;44,42811;-62,21294;-34,35516;53,91598;-76,42364;-38,48648;61,70367;-87,99934;-4,946708;8,497863;-12,93826;-11,66439;23,93639;-38,87558;-13,49831;42,07921;-66,12395;-14,84299;52,29092;-81,23302;-16,35933;61,34605;-94,34222;-0,197411;7,6797;-16,2735;-2,025604;19,54365;-39,7911;-13,20076;22,7015;-44,96097;-18,98575;24,37019;-47,63603;-25,62332;26,32141;-50,64011;11,07384;14,64119;15,07666;16,00451;16,54371;41,20954;3,094084;1,386351;2,400125;-3,962694;3,643842;3,856966;-8,894482;3,52359;5,233454;5,29065;-8,074553;3,569248;9,843966;9,748728;-10,30307;3,351761;4,591286;5,312753;-2,333107;-3,923492;0,003791;-0,008476;-0,975294;8,52037;-0,003219;0,003047;-0,010586;0;-0,00226;0,002232;-1,46101;0,055962;-0,001202;0;2,15807;-0,073586;-0,002546;0,002232;-18,84154;62,97911;0,227451;-1,525211;-42,49477;211,28;-0,386238;0,365639;-75,84686;0,599957;-0,135613;0,267792;-213,8969;8,294677;-0,072098;0;276,7765;-9,461116;-0,305557;0,267792
35;560;00:00:00:560;0;0;0;-1,801822;-2,145449;4,202331;-3,6868;-2,898412;8,505063;-5,48425;-3,435261;12,13183;-6,921437;-3,812852;14,87837;-2,237926;-1,421339;3,421427;-8,855914;-1,485597;7,06094;-13,30235;-1,90122;9,485984;-15,62529;-1,984916;10,87039;-17,43036;-1,935297;12,04709;-2,805743;-0,515867;2,404429;-9,697096;-0,107596;5,465511;-14,79632;0,665962;7,730814;-17,45445;1,304841;9,094209;-19,53286;2,00737;10,31965;-3,340362;0,252465;1,44634;-9,870922;1,091927;3,644272;-14,35847;1,731176;5,713519;-16,67159;2,454198;7,110429;-18,52416;3,410287;8,567193;-3,849567;1,025651;0,534064;-9,52352;2,285513;1,613041;-13,1408;2,872983;3,132571;-14,9321;3,30146;3,99119;-16,86665;3,949671;5,064727;-47,04681;44,5814;123,372;16,94964;19,00593;-115,1239;20,04371;19,00591;-115,1239;21,57911;18,94732;-114,6644;21,57911;18,94732;-114,6644;-47,42677;44,5814;123,3721;-49,9532;42,12558;124,753;-45,87746;42,69268;125,3928;-41,33435;43,35648;126,3983;-41,49849;43,20269;126,1588;-52,27579;48,50995;116,6998;-50,86394;50,4211;113,4689;-47,16369;48,97396;111,4574;-43,33481;47,89935;109,5056;-43,15879;48,04853;109,7425;-58,83748;52,27298;108,237;-51,29976;48,38045;112,8111;-42,95187;46,97723;110,7851;-36,39491;44,63593;106,3285;-36,1792;44,79588;106,6351;-70,75699;56,37098;93,68786;-53,52328;49,88836;110,2607;-50,23686;48,65541;108,54;-47,93702;45,9683;104,4503;-47,7393;46,1786;104,7248;0;0;0;-103,2125;131,4123;-35,05397;-154,6134;109,9862;-69,33939;-177,0321;84,91528;-87,33576;-186,6318;64,09745;-96,99261;-8,044928;85,0099;11,83435;388,8988;91,52284;246,3821;643,3037;137,1351;404,9505;776,0329;142,8423;484,142;879,0208;131,7071;542,5452;114,5438;28,64143;72,89607;575,5553;6,839132;339,5789;933,5334;-60,43783;536,9886;1120,854;-126,7355;634,232;1267,845;-205,542;705,3231;226,9846;-15,30092;130,4149;709,634;-62,90938;404,7864;1020,017;-120,0399;576,2292;1180,124;-202,439;654,3592;1307,558;-319,8385;706,4567;335,5452;-61,6413;185,1862;808,826;-134,3835;449,1552;1067,843;-183,5922;591,9272;1196,543;-226,1779;659,3365;1335,988;-296,8297;727,6006;0;0;0;-3,903865;5,195617;0,97096;23,46682;46,67759;28,62453;47,2362;82,51833;52,10209;65,51241;109,9949;69,92519;-3,073811;4,477858;-0,155568;-5,879402;10,60367;-5,152702;-22,41611;-50,38977;-28,74469;-32,55844;-82,90529;-41,54205;-41,72515;-108,7303;-51,8961;-2,006292;3,543198;-1,583576;-4,214286;9,121253;-7,308482;-16,77704;13,15463;-10,27679;-23,59199;15,45453;-12,05921;-29,15954;17,42935;-13,66425;-1,025677;2,662539;-2,835989;-2,440452;7,176875;-8,75759;-15,5468;6,618977;-5,244255;-22,85957;6,533146;-3,607749;-29,27971;6,671906;-2,474785;-0,078678;1,823902;-4,073381;-0,497818;4,834413;-9,799003;-14,328;13,33523;-18,11886;-21,41762;17,74835;-22,46475;-29,35981;22,79377;-27,47726;11,0444;14,61865;15,05416;15,98347;16,36395;41,13213;3,09402;1,386492;2,417675;-3,88025;3,643896;3,856915;-8,86284;3,523534;5,233491;5,29065;-8,030427;3,567657;9,843966;9,748728;-10,25883;3,350242;4,591286;5,312753;-10,7856;-4,644699;-0,003791;0,008476;1,053028;4,94668;0,003219;-0,003047;1,898517;-0,003333;0,00226;0;2,64759;-0,095472;0;0;2,654342;-0,091138;0;0;-507,1494;-43,27238;-0,454903;1,017094;121,6993;-214,4214;0,386238;-0,365639;114,5462;-0,199986;0,271225;-0,133896;246,516;-9,086036;0,072098;0;29,77637;-1,053143;0,152779;-0,133896
36;576;00:00:00:576;0;0;0;-1,801822;-2,145449;4,202331;-3,687849;-2,9006;8,504219;-5,486204;-3,439333;12,13026;-6,924082;-3,818366;14,87624;-2,237926;-1,421339;3,421427;-8,855914;-1,485597;7,06094;-13,30083;-1,897797;9,489357;-15,62281;-1,979662;10,87547;-17,427;-1,928586;12,05347;-2,805743;-0,515867;2,404429;-9,697096;-0,107596;5,465511;-14,79591;0,665032;7,73204;-17,45382;1,303408;9,096097;-19,53205;2,005529;10,32208;-3,340362;0,252465;1,44634;-9,870922;1,091927;3,644272;-14,35836;1,730924;5,713825;-16,67143;2,453807;7,110908;-18,52395;3,409775;8,567818;-3,849567;1,025651;0,534064;-9,52352;2,285513;1,613041;-13,14081;2,873004;3,132544;-14,93211;3,301492;3,99115;-16,86666;3,949714;5,064672;-47,04681;44,5814;123,372;16,95397;19,03467;-115,1115;20,04804;19,03465;-115,1115;21,58368;18,97604;-114,6519;21,58369;18,97604;-114,6519;-47,42677;44,5814;123,3721;-49,89141;42,11875;124,7615;-45,81521;42,68531;125,4021;-41,27162;43,34831;126,4084;-41,43588;43,19473;126,1688;-52,27579;48,50995;116,6998;-50,84875;50,41088;113,4886;-47,14841;48,96408;111,477;-43,31936;47,88981;109,525;-43,14336;48,03896;109,762;-58,83748;52,27298;108,237;-51,2956;48,37749;112,8167;-42,94767;46,97438;110,7906;-36,39059;44,6333;106,334;-36,17487;44,79324;106,6406;-70,75699;56,37098;93,68786;-53,52376;49,88865;110,26;-50,23735;48,65569;108,5394;-47,93751;45,96855;104,4497;-47,73978;46,17889;104,7242;0;0;0;-103,0855;131,731;-34,83711;-153,7767;111,1901;-68,6468;-175,5936;86,8767;-86,21978;-184,7363;66,63678;-95,5469;-7,936879;85,28036;12,0171;389,1424;92,14122;246,8169;643,4333;137,3979;405,2861;776,0946;142,9208;484,4106;879,0226;131,6433;542,7488;114,6266;28,84903;73,03699;575,7587;7,358181;339,9494;933,6912;-59,57961;537,3663;1120,995;-125,6857;634,5946;1267,979;-204,3295;705,6577;227,0424;-15,15256;130,5223;709,7863;-62,5149;405,0798;1020,172;-119,2957;576,4768;1180,295;-201,4861;654,5498;1307,756;-318,6894;706,5687;335,5799;-61,54934;185,2589;808,9191;-134,1356;449,3525;1067,962;-183,076;592,0777;1196,681;-225,5197;659,4521;1336,153;-296,0056;727,6625;0;0;0;7,621049;19,12451;13,0114;50,20023;72,2351;41,55528;86,30847;117,6853;66,95866;113,7285;152,3595;86,74263;6,482899;16,22772;10,96487;14,61553;37,10281;26,09253;7,776259;15,77139;20,13874;3,702163;4,706382;16,11328;0,108719;-3,823757;12,21657;4,970312;12,45564;8,455395;12,20226;31,14295;22,22729;9,464263;51,49341;22,66216;8,462905;62,98899;21,75808;8,068084;72,74866;20,07294;3,470421;8,901536;6,447315;9,135245;23,66888;17,60387;9,304046;44,65627;14,85729;10,25963;57,17611;11,43551;11,87897;68,94636;6,720543;2,078533;5,51784;4,358053;5,584716;14,8716;11,83605;7,169723;30,97343;9,026526;8,285522;39,49213;6,932259;9,910583;49,44133;3,713607;11,0386;14,61572;15,05321;15,98327;16,32655;41,13135;3,094147;1,386351;2,427048;-3,824335;3,64395;3,856966;-8,846689;3,523367;5,233454;5,290688;-8,025707;3,567437;9,844006;9,748728;-10,25935;3,350242;4,591286;5,312716;-2,244072;-0,046921;0,007596;-0,008476;0,562377;3,354864;0,003233;0,003047;0,969028;-0,009999;-0,00226;0,002232;0,283184;-0,013175;0,002346;0;-0,031013;0;0;-0,002232;512,4915;275,8667;0,683212;-1,017094;-29,43907;-95,50893;0,000858;0,365639;-55,76934;-0,399971;-0,271225;0,133896;-141,8644;4,937839;0,140762;0;-161,1214;5,468272;0;-0,133896
37;592;00:00:00:592;0;0;0;-1,804196;-2,145787;4,201139;-3,69265;-2,905372;8,501181;-5,493095;-3,447943;12,12561;-6,932571;-3,829919;14,87034;-2,239882;-1,421671;3,420009;-8,860058;-1,486593;7,055532;-13,30569;-1,899355;9,482549;-15,62808;-1,981523;10,86794;-17,43264;-1,930688;12,04538;-2,807153;-0,516191;2,402713;-9,700378;-0,108576;5,459663;-14,80006;0,662276;7,72486;-17,45853;1,299693;9,088265;-19,5373;2,001035;10,31377;-3,34125;0,252149;1,44434;-9,873195;1,091024;3,638377;-14,36102;1,727442;5,707881;-16,67448;2,448898;7,105054;-18,52749;3,403623;8,562146;-3,849963;1,025342;0,531795;-9,524656;2,284734;1,607415;-13,14224;2,870083;3,127047;-14,93375;3,297478;3,985759;-16,86862;3,944475;5,059452;-47,08945;44,59804;123,3463;16,96856;19,09294;-115,079;20,06263;19,09293;-115,079;21,59875;19,0342;-114,6193;21,59875;19,0342;-114,6193;-47,46943;44,59804;123,3463;-49,91393;42,12572;124,7516;-45,83783;42,69249;125,3919;-41,29431;43,35576;126,398;-41,45854;43,20211;126,1585;-52,32426;48,52296;116,6677;-50,87912;50,40789;113,4805;-47,1777;48,96042;111,4702;-43,34785;47,88551;109,5192;-43,17196;48,03472;109,7561;-58,8925;52,28112;108,1977;-51,30973;48,3631;112,8313;-42,96066;46,95966;110,8063;-36,4014;44,61793;106,3515;-36,18583;44,77792;106,658;-70,81951;56,37038;93,64001;-53,53438;49,87247;110,2785;-50,24696;48,63932;108,5587;-47,94495;45,95176;104,4709;-47,74736;46,16212;104,7453;0;0;0;-103,0855;131,731;-34,83711;-153,8339;111,5375;-68,6207;-175,7026;87,52217;-86,16663;-184,8858;67,50991;-95,4717;-7,936879;85,28036;12,0171;389,1424;92,14122;246,8169;643,2662;137,1453;405,0838;775,8295;142,533;484,1039;878,6722;131,148;542,3619;114,6266;28,84903;73,03699;575,7587;7,358181;339,9494;933,5359;-59,5244;537,3131;1120,756;-125,6007;634,5125;1267,672;-204,2202;705,5522;227,0424;-15,15256;130,5223;709,7863;-62,5149;405,0798;1019,958;-119,2745;576,4878;1179,962;-201,4532;654,5663;1307,32;-318,6463;706,5894;335,5799;-61,54934;185,2589;808,9191;-134,1356;449,3525;1067,787;-183,0731;592,111;1196,416;-225,5154;659,5026;1335,787;-295,9996;727,7323;0;0;0;0;0;0;-3,429651;20,8447;1,56641;-6,536722;38,72823;3,188968;-8,969306;52,38819;4,511475;0;0;0;0;0;0;-10,02502;-15,16056;-12,13932;-15,90442;-23,26512;-18,39924;-21,02279;-29,71959;-23,21434;0;0;0;0;0;0;-9,31549;3,312349;-3,192902;-14,33945;5,101919;-4,929542;-18,43643;6,557465;-6,328583;0;0;0;0;0;0;-12,88605;1,268864;0,658035;-19,99283;1,972675;0,989914;-26,21269;2,587795;1,241684;0;0;0;0;0;0;-10,52856;0,173092;1,996994;-15,90729;0,260353;3,032684;-21,92688;0,360489;4,188537;11,03807;14,61649;15,0519;15,98186;16,27739;41,15433;3,094147;1,386351;2,4412;-3,815467;3,643896;3,856966;-8,824277;3,523256;5,233491;5,290688;-7,985442;3,5659;9,843987;9,748728;-10,21635;3,34878;4,591286;5,312753;-2,949829;1,379013;0;0;0,849137;0,532122;-0,003233;0;1,344738;-0,006666;0,00226;0;2,415905;-0,092225;-0,001144;0;2,580127;-0,087676;0;0,002232;-42,34541;85,55602;-0,455761;0,508547;17,20562;-169,3645;-0,387955;-0,182819;22,54257;0,199986;0,271225;-0,133896;127,9632;-4,743003;-0,209427;0;156,6685;-5,260562;0;0,267792
38;608;00:00:00:608;0;0;0;-1,809639;-2,141842;4,200812;-3,700186;-2,897591;8,500609;-5,50238;-3,436894;12,12466;-6,943175;-3,816382;14,86904;-2,244227;-1,418258;3,418577;-8,868638;-1,478442;7,046457;-13,31634;-1,885962;9,470567;-15,63982;-1,965269;10,8543;-17,44523;-1,912105;12,03033;-2,810077;-0,51347;2,399875;-9,706742;-0,101524;5,448477;-14,80912;0,673176;7,706263;-17,46916;1,312761;9,065596;-19,5493;2,015942;10,28773;-3,34286;0,254217;1,440248;-9,877129;1,096615;3,626002;-14,36752;1,736718;5,688785;-16,6826;2,460378;7,082131;-18,53722;3,417177;8,535813;-3,850309;1,02679;0,526474;-9,525917;2,288556;1,59446;-13,14545;2,87702;3,108247;-14,93801;3,30606;3,963934;-16,87414;3,954972;5,034181;-47,13105;44,67416;123,302;17,0147;19,06157;-115,0735;20,10878;19,06155;-115,0735;21,64462;19,00248;-114,614;21,64462;19,00249;-114,614;-47,51103;44,67416;123,3021;-49,91565;42,19932;124,7155;-45,83844;42,76609;125,3565;-41,29316;43,42937;126,3639;-41,45781;43,2757;126,124;-52,38207;48,59511;116,6094;-50,95594;50,48484;113,4007;-47,25632;49,03561;111,3903;-43,42859;47,95887;109,4387;-43,25248;48,10833;109,6756;-58,97181;52,34683;108,1199;-51,38774;48,44191;112,7501;-43,04066;47,03659;110,7249;-36,48625;44,69039;106,269;-36,27039;44,8507;106,5755;-70,9342;56,42179;93,52945;-53,62683;49,95281;110,1814;-50,34074;48,71786;108,4619;-48,04189;46,02567;104,3748;-47,84417;46,23635;104,6491;0;0;0;-102,9431;131,7513;-34,76563;-153,6821;111,7395;-68,56262;-175,5466;87,87984;-86,11195;-184,7285;67,98631;-95,41609;-7,819488;85,30026;12,10222;389,391;92,20097;247,1414;643,5305;137,0642;405,5028;776,1047;142,3769;484,566;878,9583;130,9323;542,8519;114,7112;28,86844;73,13997;575,9556;7,416968;340,3003;933,8496;-59,35874;537,7337;1121,138;-125,3773;634,967;1268,116;-203,95;706,0306;227,0957;-15,13359;130,6423;709,9225;-62,46069;405,4334;1020,195;-119,0678;576,8336;1180,265;-201,1622;654,9006;1307,69;-318,2818;706,908;335,6036;-61,53079;185,395;808,9872;-134,0889;449,69;1067,962;-182,9;592,4248;1196,649;-225,2777;659,8018;1336,09;-295,6897;728,0118;0;0;0;8,545875;1,215219;4,288852;9,111642;12,11643;3,484368;9,355544;21,45982;3,28052;9,438514;28,58412;3,336668;7,043481;1,193762;5,106925;14,91594;3,585219;19,47069;15,85579;-4,865884;25,13981;16,51096;-9,367703;27,72331;17,16614;-12,94398;29,39701;5,074739;1,164973;6,178736;11,81602;3,527194;21,05284;18,81981;9,93955;25,23708;22,95112;13,40246;27,27413;26,61896;16,21485;28,70178;3,198624;1,138329;7,200479;8,179664;3,252983;21,21734;14,24217;12,40039;20,74528;18,23044;17,46082;20,06149;22,24731;21,86823;19,11735;1,424789;1,113295;8,16822;4,08554;2,803087;20,25032;10,48279;10,38909;18,82839;13,97896;14,26077;17,9472;18,18466;18,59951;16,76845;11,04435;14,62596;15,06174;15,99195;16,30579;41,19213;3,09402;1,38621;2,445526;-3,78253;3,643842;3,856915;-8,835402;3,523312;5,233491;5,290613;-8,000424;3,566449;9,843987;9,748747;-10,23814;3,349482;4,591328;5,312679;1,70414;2,267761;-0,007596;-0,008469;0,259538;1,97618;-0,003219;-0,003047;-0,667477;0,003333;0;-0,004463;-0,898933;0,032945;0;0,001144;-1,307545;0,042086;0,002546;-0,004435;279,2381;53,32489;-0,455761;-0,508118;-35,37597;86,64349;0,000858;-0,182819;-120,7329;0,599957;-0,135613;-0,267792;-198,8903;7,510184;0,068665;0,068665;-233,2603;7,785701;0,152779;-0,399971
39;624;00:00:00:624;0;0;0;-1,807463;-2,141197;4,202077;-3,693332;-2,895762;8,504136;-5,491594;-3,434091;12,13028;-6,929415;-3,812851;14,87633;-2,242491;-1,417815;3,4199;-8,865214;-1,477981;7,050861;-13,31129;-1,881548;9,478621;-15,63375;-1,958718;10,86418;-17,43824;-1,903831;12,04156;-2,80891;-0,51329;2,40128;-9,704206;-0,101471;5,452995;-14,80556;0,672995;7,713178;-17,465;1,312492;9,073717;-19,54462;2,015633;10,29676;-3,342219;0,254149;1,441746;-9,875565;1,096287;3,63036;-14,36495;1,736028;5,69546;-16,67939;2,459556;7,089934;-18,53338;3,416305;8,544457;-3,850174;1,026485;0,528054;-9,525421;2,287861;1,598418;-13,14449;2,876717;3,113163;-14,93679;3,305979;3,969286;-16,87259;3,955171;5,039956;-47,09104;44,66912;123,3363;16,96447;19,01873;-115,0833;20,05854;19,01872;-115,0833;21,59404;18,96003;-114,6238;21,59404;18,96003;-114,6238;-47,471;44,66912;123,3363;-49,83979;42,20352;124,7348;-45,76186;42,76967;125,3769;-41,21564;43,43195;126,3856;-41,38051;43,27854;126,1454;-52,33845;48,59342;116,6482;-50,9082;50,48321;113,4448;-47,20993;49,03505;111,4326;-43,38316;47,95934;109,4798;-43,2069;48,10868;109,7169;-58,92468;52,34941;108,1633;-51,33927;48,43868;112,7953;-42,99335;47,03451;110,7685;-36,44081;44,69081;106,31;-36,2248;44,85097;106,6167;-70,88498;56,43155;93,57657;-53,59288;49,9611;110,2076;-50,30803;48,72678;108,4867;-48,01179;46,03612;104,3967;-47,8139;46,2467;104,6711;0;0;0;-102,6165;131,5146;-34,74596;-153,3243;111,1639;-68,62928;-175,1684;87,01293;-86,23735;-184,3367;66,89685;-95,5815;-7,5588;85,09547;12,18809;389,9058;91,71191;247,6859;644,2357;136,0153;406,2406;776,9111;141,0255;485,4048;879,8447;129,3371;543,7698;114,8867;28,7052;73,31021;576,3374;6,99385;340,9714;934,3792;-60,01279;538,8518;1121,754;-126,1615;636,3306;1268,807;-204,8445;707,5972;227,1923;-15,2577;130,8878;710,1586;-62,79619;406,1759;1020,557;-119,6236;577,9834;1180,708;-201,8497;656,2823;1308,216;-319,0933;708,496;335,6244;-61,61764;185,7143;809,063;-134,3182;450,4673;1068,201;-183,3173;593,5443;1196,975;-225,7943;661,0985;1336,519;-296,3218;729,5106;0;0;0;19,59443;-14,2014;1,180172;21,46697;-34,53683;-3,999352;22,69649;-52,01411;-7,523774;23,50473;-65,36793;-9,924172;15,6413;-12,28738;5,152523;30,8876;-29,34408;32,66859;42,31166;-62,9332;44,2686;48,38276;-81,08639;50,33112;53,18069;-95,70837;55,07469;10,52856;-9,794711;10,21421;22,91107;-25,38711;40,26746;31,77452;-39,24322;67,08526;36,94725;-47,0531;81,81667;41,46194;-53,67279;93,9989;5,793571;-7,446527;14,72997;14,16206;-20,13051;44,54898;21,69227;-33,34665;68,9907;26,55602;-41,25023;82,89813;31,51702;-48,69032;95,28064;1,244545;-5,210995;19,15526;4,543304;-13,75794;46,64039;14,34517;-25,04039;67,17395;19,55795;-30,99489;77,80551;25,70343;-37,92858;89,9248;11,0506;14,63171;15,06669;15,99885;16,33835;41,22012;3,09402;1,38621;2,432043;-3,736278;3,643896;3,856915;-8,832954;3,523312;5,233491;5,290688;-7,994877;3,566284;9,844006;9,748728;-10,24951;3,349891;4,591286;5,312679;1,953964;1,679535;0;0;-0,808983;2,77512;0,003219;0;0,146828;0;0;0,004463;0,332823;-0,009899;0,001144;-0,001144;-0,682125;0,024548;-0,002546;0;14,98947;-35,29358;0,455761;0,508118;-64,11123;47,93643;0,386238;0,182819;48,85825;-0,199986;0;0,535584;73,90536;-2,570629;0,068665;-0,137329;37,52517;-1,052284;-0,305557;0,266075
40;640;00:00:00:640;0;0;0;-1,793957;-2,14158;4,207665;-3,666595;-2,895306;8,515648;-5,45371;-3,43294;12,1474;-6,88309;-3,811176;14,89792;-2,231555;-1,418269;3,426858;-8,842913;-1,479695;7,078454;-13,28008;-1,872836;9,524146;-15,59721;-1,94442;10,91891;-17,39696;-1,885074;12,10331;-2,801315;-0,513836;2,410021;-9,687135;-0,10332;5,48323;-14,78179;0,670717;7,758612;-17,43723;1,309999;9,127061;-19,51325;2,012977;10,35629;-3,337754;0,253517;1,452165;-9,864396;1,094428;3,661153;-14,34637;1,730804;5,743322;-16,65526;2,453537;7,147376;-18,50274;3,410324;8,610127;-3,848697;1,025771;0,540071;-9,520811;2,286091;1,628144;-13,13494;2,873461;3,15519;-14,9245;3,301976;4,017421;-16,8569;3,95034;5,094711;-46,88206;44,57013;123,4936;16,80197;18,93293;-115,1331;19,89604;18,93292;-115,1331;21,43087;18,87546;-114,6737;21,43087;18,87545;-114,6737;-47,26204;44,57014;123,4936;-49,53773;42,13104;124,8405;-45,45816;42,69468;125,486;-40,91054;43,35304;126,4981;-41,07573;43,20057;126,2571;-52,09787;48,51239;116,8391;-50,66016;50,4171;113,642;-46,96578;48,97453;111,6228;-43,14118;47,90435;109,6654;-42,96458;48,053;109,9031;-58,64749;52,29271;108,3932;-51,0504;48,33883;113,0463;-42,67781;46,94151;111,0128;-36,1026;44,61486;106,5427;-35,88625;44,77369;106,8503;-70,56267;56,41925;93,85563;-53,31469;49,887;110,4409;-50,03345;48,65811;108,7134;-47,74444;45,98057;104,6095;-47,54589;46,19024;104,8851;0;0;0;-102,747;131,4759;-34,82187;-153,6866;110,9979;-68,8215;-175,7233;86,74062;-86,54093;-185,0366;66,54435;-95,97408;-7,662936;85,06891;12,10874;389,7004;91,68423;247,4216;644,133;135,0575;405,8099;776,856;139,5698;484,8696;879,8213;127,4843;543,1378;114,8167;28,69443;73,22594;576,1852;6,990639;340,7003;934,2198;-60,00169;538,4285;1121,589;-126,145;635,8304;1268,634;-204,8255;707,0389;227,1539;-15,25359;130,798;710,0648;-62,77652;405,9145;1020,158;-119,5751;577,617;1180,128;-201,8727;655,848;1307,458;-319,2455;707,9706;335,6162;-61,59936;185,6195;809,0332;-134,2765;450,2298;1068,065;-183,2973;593,2635;1196,783;-225,7866;660,7988;1336,263;-296,3299;729,1937;0;0;0;-7,832049;-2,321005;-4,55439;-21,73805;-9,959935;-11,5335;-33,29372;-16,3393;-18,2147;-41,99052;-21,15011;-23,55516;-6,248206;-1,593947;-4,760921;-12,32386;-1,660466;-15,85722;-6,159782;-57,46507;-25,84362;-3,310204;-87,33772;-32,11212;-1,401901;-111,1722;-37,92286;-4,201412;-0,646055;-5,0565;-9,132384;-0,192627;-16,26491;-9,561538;0,665903;-25,3973;-9,927749;0,99206;-30,01785;-10,36262;1,142979;-33,49971;-2,305984;0,246763;-5,393743;-5,630493;1,180529;-15,68699;-23,92387;2,90966;-21,98124;-34,81865;-1,379013;-26,0582;-45,42732;-9,128093;-31,52561;-0,486374;1,096487;-5,687713;-1,785278;2,503395;-14,25076;-8,159636;1,202345;-16,84856;-11,50131;0,460625;-17,98725;-15,36369;-0,484943;-19,01436;11,04813;14,63107;15,05665;15,99441;16,35027;41,20963;3,094084;1,38621;2,39122;-3,605543;3,643842;3,856915;-8,842268;3,523367;5,233454;5,29065;-7,947668;3,564527;9,873287;9,775053;-10,23036;3,349248;4,591286;5,312679;0,715027;-0,629654;0,003791;0;-2,449407;7,844095;-0,003219;0;-0,558815;0,003333;-0,00226;-0,002232;2,832556;-0,105429;1,756897;1,579513;1,149158;-0,038581;0;0;-74,33624;-138,5513;0,227451;0;-98,42547;304,1384;-0,386238;0;-42,33856;0,199986;-0,135613;-0,401688;149,984;-5,731773;105,3451;94,83946;109,877;-3,787708;0,152779;0
41;656;00:00:00:656;0;0;0;-1,791382;-2,14076;4,209179;-3,660497;-2,892168;8,519095;-5,444609;-3,427778;12,15263;-6,871704;-3,804458;14,90455;-2,229393;-1,417447;3,428605;-8,838153;-1,477153;7,084923;-13,27305;-1,866685;9,535299;-15,5888;-1,93634;10,93246;-17,38729;-1,875459;12,11867;-2,799696;-0,513012;2,412075;-9,68324;-0,100784;5,49015;-14,7763;0,674942;7,768527;-17,43073;1,315131;9,138499;-19,50582;2,018844;10,36888;-3,336665;0,254343;1,454518;-9,861563;1,0968;3,66807;-14,34184;1,734106;5,753603;-16,64953;2,457345;7,159354;-18,49574;3,414568;8,623434;-3,848106;1,026599;0,542705;-9,51919;2,28817;1,634686;-13,13198;2,876088;3,164679;-14,92077;3,304879;4,028361;-16,85221;3,953551;5,107208;-46,82935;44,5528;123,5191;16,76411;18,89118;-115,1644;19,85819;18,89117;-115,1644;21,39268;18,834;-114,705;21,39268;18,834;-114,705;-47,20932;44,55281;123,5191;-49,45654;42,11496;124,8601;-45,3765;42,67791;125,5064;-40,82842;43,33521;126,5196;-40,99371;43,18299;126,2784;-52,03854;48,49952;116,872;-50,60432;50,41111;113,67;-46,91128;48,96981;111,6489;-43,08761;47,90085;109,69;-42,91087;48,04935;109,928;-58,58083;52,28577;108,4345;-50,98695;48,3263;113,0842;-42,6154;46,93048;111,0489;-36,04173;44,60718;106,5759;-35,82526;44,7658;106,8837;-70,48815;56,42275;93,90629;-53,24402;49,87371;110,4877;-49,96394;48,64618;108,7584;-47,67731;45,97195;104,6505;-47,47858;46,18142;104,9265;0;0;0;-103,5574;131,4989;-35,15718;-155,2742;110,873;-69,52871;-177,9654;86,49015;-87,59906;-187,7742;66,19827;-97,31179;-8,319094;85,09612;11,69123;388,3623;91,78712;245,7661;642,272;134,36;403,0898;774,681;138,444;481,597;877,3672;126,0168;539,4393;114,3609;28,72715;72,70147;575,161;7,101622;338,8863;932,8368;-59,8648;535,6959;1119,988;-125,9951;632,6194;1266,837;-204,6658;703,4543;226,8859;-15,21568;130,1728;709,3947;-62,66497;404,0669;1019,024;-119,2611;574,748;1178,651;-201,5107;652,4053;1305,582;-318,8854;704,0356;335,5276;-61,55651;184,8985;808,7567;-134,1703;448,4463;1067,458;-183,1012;590,7479;1195,995;-225,5452;657,9198;1335,251;-296,0384;725,9209;0;0;0;-48,62165;1,377582;-20,11925;-95,2599;-7,489442;-42,43254;-134,5289;-15,02788;-63,48788;-164,2556;-20,76495;-80,26241;-39,36946;1,632571;-25,05049;-80,28745;6,173372;-99,33185;-111,6629;-41,8489;-163,2042;-130,4998;-67,55089;-196,3549;-147,2454;-88,05012;-221,9038;-27,34494;1,963198;-31,46767;-61,45477;6,658986;-108,8419;-82,9811;8,213638;-163,9595;-96,03309;8,99577;-192,6555;-107,832;9,582995;-215,0717;-16,07609;2,274424;-37,50801;-40,20595;6,693006;-110,8532;-68,01795;18,83983;-172,142;-88,62304;21,72088;-206,5573;-112,587;21,60072;-236,0973;-5,31578;2,570987;-43,26081;-16,59393;6,372929;-107,0137;-36,3636;11,76739;-150,9361;-47,29271;14,4825;-172,7371;-60,67657;17,48943;-196,3663;11,04806;14,63229;15,05606;15,99328;16,37435;41,20887;3,094084;1,38621;2,388353;-3,572647;3,64395;3,856915;-8,849619;3,523423;5,233454;5,29065;-7,944037;3,564307;9,873267;9,775053;-10,22216;3,348956;4,591328;5,312716;1,444588;-0,04509;0;0;-0,17199;1,973762;0,006452;0;-0,441055;0,003333;0;0;0,217867;-0,013175;-0,001202;0;0,491695;-0,017524;0,002546;0,002203;43,77364;35,07385;-0,227451;0;136,645;-352,2199;0,580215;0;7,065584;0;0,135613;0,133896;-156,8813;5,535221;-105,4859;-94,7708;-39,44778;1,263427;0,152779;0,132179
42;672;00:00:00:672;0;0;0;-1,792032;-2,138356;4,210125;-3,663398;-2,888703;8,51925;-5,449353;-3,423305;12,15202;-6,87783;-3,79918;14,90333;-2,229717;-1,415007;3,429402;-8,837914;-1,46946;7,086823;-13,27176;-1,850957;9,540372;-15,58669;-1,916325;10,93909;-17,38433;-1,852034;12,12641;-2,799621;-0,510524;2,41269;-9,682401;-0,093048;5,491768;-14,775;0,687455;7,769561;-17,42901;1,330207;9,139134;-19,50363;2,035987;10,36913;-3,336267;0,256875;1,454987;-9,860272;1,104092;3,669351;-14,33943;1,743962;5,756495;-16,64623;2,46859;7,162995;-18,49142;3,426993;8,627596;-3,847373;1,029173;0,543022;-9,517487;2,294629;1,635548;-13,13031;2,887006;3,163759;-14,91901;3,318063;4,026484;-16,85023;3,969265;5,104194;-46,80482;44,56217;123,5005;16,78781;18,90105;-115,1878;19,88188;18,90104;-115,1879;21,41644;18,84369;-114,7285;21,41645;18,84369;-114,7285;-47,1848;44,56217;123,5005;-49,38087;42,13064;124,8319;-45,2999;42,69296;125,4794;-40,75064;43,34927;126,494;-40,91621;43,19728;126,2524;-52,01398;48,51086;116,8546;-50,59439;50,43323;113,6341;-46,90283;48,99213;111,6117;-43,08048;47,92335;109,6518;-42,90359;48,07183;109,8898;-58,55724;52,29936;108,4173;-50,94927;48,3283;113,0849;-42,57887;46,93337;111,0482;-36,0071;44,61201;106,5728;-35,7905;44,77049;106,8808;-70,46906;56,43954;93,8863;-53,26037;49,91149;110,4179;-49,98161;48,68364;108,6878;-47,69793;46,0085;104,5784;-47,49902;46,21804;104,8544;0;0;0;-103,7119;131,4497;-35,24802;-155,5762;110,8377;-69,64391;-178,3901;86,4664;-87,74587;-188,2912;66,18327;-97,48685;-8,448868;85,04682;11,58645;388,0767;91,63457;245,3779;641,8921;133,6851;402,4413;774,2407;137,4902;480,8055;876,8702;124,8412;538,5303;114,2638;28,67772;72,57822;574,9273;6,949461;338,471;932,5983;-60,11785;535,0868;1119,738;-126,3024;631,9113;1266,571;-205,017;702,6708;226,8206;-15,26523;130,0316;709,2246;-62,80725;403,6519;1018,667;-119,4567;574,1429;1178,175;-201,7353;651,7051;1304,989;-319,1351;703,2608;335,4922;-61,60618;184,7405;808,6594;-134,2951;448,0538;1067,45;-183,2627;590,148;1196,027;-225,7254;657,2171;1335,322;-296,2393;725,1072;0;0;0;-9,271144;-2,951145;-5,450248;-18,11957;-2,117157;-6,911874;-25,48385;-1,424789;-8,808373;-31,02207;-0,899792;-10,50353;-7,786452;-2,957582;-6,287098;-17,13323;-9,153127;-23,29016;-22,79091;-40,49706;-38,90991;-26,41582;-57,2276;-47,49584;-29,81758;-70,53351;-54,54254;-5,825758;-2,965629;-7,39467;-14,01901;-9,129658;-24,91522;-14,31083;-15,18273;-36,54098;-14,99176;-18,43715;-42,48619;-15,97023;-21,07143;-47,00946;-3,91674;-2,97305;-8,471488;-10,20241;-8,537292;-24,90234;-21,41762;-11,73663;-36,30638;-28,54156;-13,47828;-42,01698;-35,59684;-14,97745;-46,49162;-2,130031;-2,980113;-9,479999;-5,836486;-7,486581;-23,54908;-0,492096;-9,694575;-35,99453;1,934051;-10,8118;-42,16003;4,240036;-12,05778;-48,82049;11,04035;14,62939;15,04918;15,99439;16,33199;41,18709;3,094084;1,386069;2,379239;-3,515022;3,643896;3,856966;-8,865168;3,523479;5,233491;5,29065;-7,927587;3,563703;9,873306;9,775053;-10,26355;3,350358;4,591286;5,312716;-2,541389;-1,306915;0;-0,008469;-0,546842;3,457517;-0,003233;0,003047;-0,932922;0,003347;0,00226;0;0,986996;-0,036263;0,002346;0;-2,483196;0,084157;-0,002546;0;-239,1586;-75,70953;0;-0,508118;-22,49107;89,02529;-0,581074;0,182819;-29,51202;0,000858;0,135613;0;46,14772;-1,385307;0,21286;0;-178,4935;6,100844;-0,305557;-0,132179
43;688;00:00:00:688;0;0;0;-1,793843;-2,136874;4,210106;-3,666287;-2,888848;8,518479;-5,453153;-3,424824;12,1506;-6,882319;-3,80174;14,90141;-2,231091;-1,413562;3,429104;-8,840306;-1,465171;7,084728;-13,27477;-1,844436;9,537512;-15,58999;-1,908609;10,93579;-17,38784;-1,843365;12,12275;-2,800438;-0,509128;2,412037;-9,683931;-0,08885;5,489139;-14,77683;0,693542;7,765609;-17,4303;1,338508;9,135197;-19,50374;2,046907;10,36566;-3,336585;0,258225;1,454018;-9,860933;1,107942;3,66641;-14,34014;1,748894;5,753114;-16,64693;2,474123;7,159338;-18,49205;3,433052;8,623667;-3,847203;1,03048;0,541743;-9,517224;2,297925;1,632439;-13,12931;2,89192;3,161769;-14,91756;3,323795;4,025026;-16,84817;3,975901;5,103282;-46,81339;44,58136;123,4768;16,79204;18,92651;-115,1858;19,88612;18,92649;-115,1858;21,42089;18,86912;-114,7264;21,42089;18,86912;-114,7264;-47,19337;44,58136;123,4768;-49,38199;42,14896;124,8103;-45,30077;42,71129;125,458;-40,75106;43,3676;126,4729;-40,91673;43,2156;126,2313;-52,02649;48,52921;116,8275;-50,60599;50,44905;113,6091;-46,88563;49,00768;111,5865;-43,03807;47,93928;109,6255;-42,86095;48,08764;109,8638;-58,57505;52,3163;108,3855;-50,95103;48,33707;113,0733;-42,58104;46,94208;111,0363;-36,01013;44,6206;106,5604;-35,79347;44,77908;106,8684;-70,49581;56,45319;93,84634;-53,22769;49,91304;110,421;-49,94982;48,68583;108,6898;-47,668;46,01217;104,578;-47,46896;46,2216;104,8542;0;0;0;-103,6729;131,3054;-35,3048;-155,5054;110,789;-69,68217;-178,3001;86,49313;-87,75955;-188,1888;66,26541;-97,47862;-8,429378;84,90038;11,53859;388,0624;91,17302;245,264;641,8066;132,7115;402,1385;774,1021;136,2434;480,4094;876,6773;123,3773;538,0664;114,2593;28,52845;72,54132;574,877;6,485311;338,374;932,5013;-60,86873;535,0276;1119,601;-127,2996;631,8641;1266,386;-206,2803;702,614;226,7968;-15,41718;130,0035;709,1472;-63,2448;403,575;1018,449;-120,046;573,9797;1177,862;-202,4067;651,5025;1304,579;-319,8762;703,0315;335,4482;-61,76067;184,7214;808,5571;-134,6826;448,002;1067,238;-184,0125;590,2177;1195,753;-226,6593;657,3477;1334,969;-297,3785;725,3046;0;0;0;2,340317;-8,654593;-3,406405;4,247188;-2,926111;-2,295971;5,404472;1,603246;-0,820756;6,144762;4,928469;0,493526;1,169443;-8,786201;-2,871305;-0,858307;-27,69327;-6,836414;-5,132675;-58,41278;-18,17035;-8,314132;-74,80502;-23,76365;-11,5757;-87,83769;-27,83203;-0,269651;-8,956611;-2,214432;-3,024101;-27,84902;-5,823612;-5,81932;-45,05288;-3,550529;-8,222579;-59,83757;-2,835274;-11,09505;-75,79851;-3,410339;-1,433372;-9,116738;-1,688719;-4,64344;-26,25275;-4,609107;-13,08632;-35,35509;-9,793281;-18,75114;-40,2832;-12,15362;-24,57619;-44,46601;-13,75866;-2,636432;-9,268998;-1,143694;-6,134033;-23,25153;-3,10421;-12,71439;-44,98458;4,177093;-16,4566;-56,03027;7,830619;-21,1544;-68,35126;11,8475;11,04184;14,63148;15,05118;15,99416;16,29654;41,2078;3,09402;1,386351;2,380555;-3,509392;3,643896;3,856915;-8,861954;3,523534;5,262763;5,317066;-7,913287;3,563209;9,873267;9,775053;-10,23716;3,373246;4,591286;5,312679;-2,126999;1,24237;-0,003791;0,016937;0,07895;0,33783;0;-0,003047;0,192833;0,003319;1,756267;1,584949;0,857992;-0,029669;-0,002346;0;1,583233;1,373248;0;-0,002203;24,86342;152,9571;-0,227451;1,524353;37,54749;-187,1813;0,193977;-0,365639;67,54531;-0,001717;105,2404;95,09695;-7,740211;0,395679;-0,281525;0;243,9857;77,34546;0,152779;-0,132179
44;704;00:00:00:704;0;0;0;-1,797054;-2,13397;4,210209;-3,673928;-2,887094;8,516453;-5,464524;-3,424027;12,1466;-6,896512;-3,801664;14,89584;-2,233566;-1,410866;3,428603;-8,84479;-1,45778;7,080652;-13,28078;-1,832156;9,531424;-15,59677;-1,893695;10,92856;-17,39518;-1,826335;12,11455;-2,80197;-0,506702;2,410769;-9,686954;-0,081905;5,483909;-14,781;0,704409;7,756442;-17,43575;1,350329;9,123096;-19,51093;2,058707;10,35065;-3,337265;0,260396;1,45207;-9,862451;1,114041;3,660478;-14,3428;1,758653;5,743588;-16,6502;2,485961;7,147732;-18,49585;3,446751;8,610173;-3,847054;1,032409;0,539126;-9,517123;2,302845;1,626092;-13,13054;2,898413;3,151661;-14,91952;3,331119;4,012989;-16,85101;3,984194;5,089071;-46,82748;44,62276;123,4422;16,8403;18,96655;-115,1736;19,93437;18,96654;-115,1736;21,46947;18,90879;-114,7141;21,46947;18,90878;-114,7141;-47,20746;44,62277;123,4422;-49,38395;42,19837;124,7678;-45,30198;42,7607;125,416;-40,75109;43,41703;126,4317;-40,91705;43,26504;126,1899;-52,0488;48,56916;116,7861;-50,64213;50,49451;113,5516;-46,95245;49,05231;111,5285;-43,13212;47,98236;109,5677;-42,95498;48,13099;109,8059;-58,60855;52,35365;108,3343;-50,9883;48,38399;113,0143;-42,61972;46,9881;110,9768;-36,05217;44,66441;106,4996;-35,8353;44,82306;106,8077;-70,54866;56,48422;93,77764;-53,29268;49,95848;110,3582;-50,01524;48,72997;108,6275;-47,7346;46,0531;104,517;-47,53553;46,26276;104,793;0;0;0;-103,5642;131,2165;-35,30363;-155,3752;111,0743;-69,58687;-178,1527;87,09904;-87,58261;-188,0286;67,11612;-97,23928;-8,346944;84,81371;11,55648;388,2059;90,91564;245,3896;642,0407;132,2303;402,3177;774,3831;135,6424;480,6157;876,9938;122,6809;538,2929;114,3083;28,44469;72,58051;574,9688;6,233439;338,5317;932,6698;-61,23367;535,2556;1119,774;-127,7047;632,0998;1266,525;-206,7003;702,8517;226,8158;-15,49817;130,0616;709,1868;-63,47582;403,7515;1018,557;-120,3438;574,1733;1178,006;-202,7417;651,7078;1304,751;-320,2436;703,249;335,438;-61,83903;184,7982;808,5414;-134,8803;448,1886;1067,232;-184,2113;590,333;1195,748;-226,8584;657,4329;1334,96;-297,5775;725,3644;0;0;0;6,519556;-5,335807;0,069737;7,812022;17,11821;5,718469;8,843421;36,35466;10,61618;9,610175;51,04244;14,36055;4,945993;-5,200624;1,072883;8,610248;-15,44273;7,538795;14,04762;-28,87702;10,75745;16,86001;-36,06105;12,37678;18,99147;-41,78381;13,58986;2,941131;-5,025208;2,351045;5,51033;-15,11232;9,462832;10,11085;-21,89648;13,67283;10,36262;-24,30367;14,1449;8,377074;-25,20418;14,2622;1,144409;-4,859537;3,489733;2,37751;-13,86094;10,58578;6,494522;-17,86923;11,62147;8,628844;-20,09725;12,3167;10,32257;-22,04418;13,04913;-0,610828;-4,702091;4,605531;-0,944138;-11,86395;11,19232;-0,366211;-11,93046;6,923676;-0,320435;-11,94477;5,11837;-0,566483;-11,93762;3,584861;11,039;14,63306;15,05304;15,99639;16,22803;41,209;3,094084;1,38621;2,370008;-3,49239;3,643896;3,856966;-8,872034;3,523479;5,233454;5,29065;-7,926027;3,563648;9,873267;9,775053;-10,24951;3,349891;4,591286;5,312679;-4,110832;0,072098;0,003791;-0,008469;-0,632844;1,020098;0;0,003047;-0,60482;-0,003319;-1,758528;-1,584949;-0,764408;0,026364;0;0;-0,74089;-1,4013;0;0;-119,03;-70,21636;0,454903;-1,524353;-42,70763;40,93609;0;0,365639;-47,85918;-0,398254;-210,8877;-190,1939;-97,344;3,361988;0,140762;0;-139,4474;-166,4729;0;0,132179
45;720;00:00:00:720;0;0;0;-1,797451;-2,131164;4,211462;-3,674259;-2,880446;8,518404;-5,464759;-3,414057;12,14909;-6,896664;-3,789144;14,89872;-2,233787;-1,408339;3,429498;-8,84479;-1,451239;7,081996;-13,28073;-1,819848;9,533723;-15,59657;-1,878274;10,93124;-17,39475;-1,80841;12,11744;-2,801973;-0,50454;2,411219;-9,686625;-0,075952;5,484575;-14,78008;0,712695;7,757643;-17,43442;1,35992;9,124459;-19,50921;2,069395;10,35204;-3,33709;0,262215;1,452145;-9,861864;1,119078;3,660517;-14,34165;1,765652;5,744248;-16,6486;2,494126;7,148523;-18,49374;3,456007;8,61089;-3,846695;1,0339;0,538823;-9,516295;2,306689;1,625477;-13,12943;2,904215;3,150944;-14,91822;3,337946;4,012148;-16,84944;3,992205;5,087996;-46,79951;44,64621;123,4439;16,85396;18,9274;-115,1925;19,94803;18,9274;-115,1925;21,4828;18,86954;-114,7331;21,48281;18,86954;-114,7331;-47,17949;44,64621;123,444;-49,33677;42,23432;124,7524;-45,25381;42,79626;125,4016;-40,70155;43,45195;126,4186;-40,86784;43,30011;126,1765;-52,02303;48,59476;116,7875;-50,6099;50,51581;113,5626;-46,92233;49,0743;111,5374;-43,10375;48,00502;109,5749;-42,92643;48,15357;109,8132;-58,58707;52,38146;108,3334;-50,95615;48,40414;113,0257;-42,5895;47,00899;110,9863;-36,02556;44,68684;106,5058;-35,80845;44,84538;106,8141;-70,53837;56,51444;93,76829;-53,27108;49,98599;110,3566;-49,99546;48,75791;108,6243;-47,71873;46,08191;104,5103;-47,51939;46,29151;104,7865;0;0;0;-103,3716;131,0423;-35,3098;-154,8907;110,9168;-69,46139;-177,4213;86,95419;-87,33594;-187,11;66,98033;-96,89712;-8,198462;84,65193;11,58654;388,475;90,47221;245,6342;642,4909;131,3304;402,6966;774,9271;134,4975;481,0648;877,6102;121,3398;538,7969;114,4002;28,29913;72,65662;575,1501;5,816729;338,8455;932,8723;-61,8859;535,813;1120,027;-128,4143;632,8373;1266,862;-207,4088;703,7671;226,8566;-15,62846;130,1786;709,2779;-63,84171;404,1074;1018,664;-120,9278;574,7524;1178,12;-203,4495;652,4156;1304,871;-321,0624;704,0734;335,4291;-61,95479;184,9552;808,5353;-135,1755;448,5694;1067,307;-184,6009;590,9392;1195,867;-227,2979;658,1548;1335,133;-298,0751;726,2167;0;0;0;11,55853;-10,45275;-0,370145;29,07514;-9,448527;7,528781;43,8838;-8,690356;14,80043;55,11689;-8,14712;20,52963;8,908957;-9,706735;1,803785;16,14332;-26,60537;14,67418;27,01378;-53,99466;22,72796;32,63855;-68,69745;26,94798;36,98158;-80,46268;30,23529;5,513191;-8,733629;4,56655;10,88333;-25,00259;18,82982;12,1479;-39,13379;33,45108;15,19775;-42,57345;44,25144;20,18738;-42,50764;54,9202;2,447605;-7,817387;7,014513;5,464553;-21,9537;21,35467;6,385803;-35,03894;34,7414;6,814957;-42,47045;42,47188;7,164001;-49,12805;49,46136;-0,536442;-6,945491;9,422778;-0,366211;-17,71259;22,84813;4,497528;-23,37742;36,37218;7,164001;-26,37005;43,31302;10,39123;-29,85763;51,13506;11,03942;14,63117;15,05062;15,99555;16,24006;41,20418;3,09402;1,386492;2,352518;-3,461588;3,643896;3,856966;-8,863815;3,523534;5,233491;5,29065;-7,915693;3,563318;9,873287;9,775053;-10,24981;3,349891;4,591286;5,312679;0,722008;-0,289078;-0,003791;0,016944;-1,049395;1,848106;0;0;0,493126;0,003319;0,00226;0;0,620041;-0,01977;0,001202;0;-0,018425;0;0;0;289,9704;-21,67053;-0,454903;1,524782;-24,99304;49,68051;0;-0,182819;65,87676;0,398254;105,6473;95,09695;83,06693;-2,768039;0,072098;0;43,34792;84,07801;0;0
46;736;00:00:00:736;0;0;0;-1,796246;-2,130089;4,212519;-3,670041;-2,879019;8,520836;-5,457974;-3,412275;12,15283;-6,887927;-3,787076;14,90352;-2,232684;-1,407177;3,430693;-8,841969;-1,447267;7,086329;-13,27575;-1,811601;9,542594;-15,59025;-1,867754;10,94244;-17,38719;-1,796092;12,13039;-2,801017;-0,503266;2,412596;-9,684052;-0,071821;5,489173;-14,77568;0,717899;7,765955;-17,42889;1,36568;9,134711;-19,50263;2,075588;10,36381;-3,336303;0,263595;1,453702;-9,859711;1,123097;3,665084;-14,3379;1,770671;5,751935;-16,64297;2,500696;7,158478;-18,48527;3,464592;8,623104;-3,846055;1,035382;0,540546;-9,514666;2,310383;1,629764;-13,12597;2,909805;3,158822;-14,91368;3,344483;4,021794;-16,84349;3,999772;5,099538;-46,76337;44,63585;123,4481;16,8122;18,91099;-115,2214;19,90627;18,91098;-115,2214;21,44091;18,85345;-114,762;21,44092;18,85344;-114,762;-47,14334;44,63586;123,4481;-49,25831;42,21805;124,7608;-45,17491;42,77934;125,4109;-40,62222;43,434;126,4288;-40,7886;43,2824;126,1865;-51,98258;48,58746;116,7966;-50,55027;50,4985;113,5962;-46,86353;49,05834;111,5695;-43,04542;47,9904;109,6059;-42,868;48,13879;109,8444;-58,54199;52,37819;108,3478;-50,90097;48,38832;113,0541;-42,50569;46,99449;111,0133;-35,91746;44,67686;106,5289;-35,70014;44,83497;106,8376;-70,48858;56,51817;93,78852;-53,18525;49,96938;110,3938;-49,91102;48,74295;108,6592;-47,63714;46,071;104,5405;-47,43756;46,28031;104,8171;0;0;0;-103,3478;130,8739;-35,38495;-154,9447;110,5202;-69,63184;-177,5468;86,35921;-87,58118;-187,2916;66,23277;-97,19708;-8,185207;84,50036;11,53285;388,4749;90,07973;245,5535;642,4455;130,3822;402,5694;774,8501;133,2507;480,9134;877,5018;119,854;538,6264;114,4004;28,16943;72,62962;575,1305;5,4595;338,8055;932,7108;-62,38361;535,7574;1119,785;-128,9905;632,7809;1266,549;-208,051;703,7159;226,8461;-15,73755;130,174;709,2427;-64,14393;404,105;1018,51;-121,3453;574,7244;1177,885;-204,0189;652,3672;1304,542;-321,8316;703,9788;335,4075;-62,04424;184,9733;808,4857;-135,4062;448,6063;1067,153;-185,0442;590,9925;1195,656;-227,8511;658,2168;1334,854;-298,7533;726,2888;0;0;0;1,429796;-10,1037;-4,508793;-3,24297;-23,79584;-10,22708;-7,529496;-35,69877;-14,7146;-10,89549;-44,85404;-17,99762;0,795275;-9,094118;-3,221333;-0,002861;-23,54908;-4,84085;-2,723694;-56,89072;-7,627486;-4,620552;-74,80502;-9,083747;-6,505966;-89,15018;-10,22816;0,010729;-7,781981;-1,620054;-1,181602;-21,43373;-2,397537;-9,687423;-29,86264;-3,335953;-14,55688;-34,57331;-3,387451;-18,75686;-38,53368;-3,069877;-0,630856;-6,545305;-0,272512;-2,111435;-18,1328;-0,143051;-9,218215;-25,0504;-1,676559;-14,11629;-34,1649;-2,903938;-19,68384;-46,15259;-5,676269;-1,293182;-5,366921;1,088619;-2,975464;-13,8402;2,214432;-9,269713;-26,59822;3,195763;-12,68005;-33,19215;3,719329;-16,77704;-40,69233;4,331588;11,04033;14,63252;15,05087;15,99582;16,24319;41,22298;3,094084;1,386351;2,359662;-3,422168;3,643896;3,856966;-8,845712;3,523367;5,233491;5,29065;-7,899409;3,562714;9,902561;9,801347;-10,22912;3,373013;4,591328;5,312716;0,187454;1,128159;0,003791;-0,008476;0,428667;2,365236;0;0;1,086216;-0,009999;0;0;0,977039;-0,036263;1,756439;1,577625;1,241455;1,387353;0,002546;0,002203;-32,07321;85,03417;0,454903;-1,525211;88,68369;31,02778;0;0;35,5854;-0,799084;-0,135613;0;21,4199;-0,989628;105,3142;94,6575;75,5928;83,24117;0,152779;0,132179
47;752;00:00:00:752;0;0;0;-1,793521;-2,129467;4,213995;-3,664351;-2,877299;8,52379;-5,449759;-3,409576;12,15718;-6,877792;-3,783615;14,90897;-2,230394;-1,406506;3,432457;-8,836929;-1,444976;7,093084;-13,26796;-1,803499;9,555168;-15,58073;-1,856554;10,95798;-17,3761;-1,782429;12,14817;-2,799303;-0,502531;2,414737;-9,679923;-0,06944;5,496484;-14,76953;0,72121;7,777443;-17,42151;1,369481;9,148369;-19,49411;2,079777;10,37916;-3,335149;0,264391;1,456204;-9,856705;1,125412;3,67246;-14,33281;1,773196;5,763712;-16,63646;2,503315;7,172538;-18,47726;3,467271;8,639006;-3,845426;1,036234;0,54339;-9,512941;2,31251;1,636813;-13,12274;2,912205;3,169304;-14,9096;3,347014;4,03398;-16,83833;4,002443;5,11357;-46,71017;44,61473;123,4732;16,77565;18,88576;-115,2482;19,86973;18,88576;-115,2482;21,40417;18,82849;-114,7889;21,40417;18,82849;-114,7889;-47,09013;44,61472;123,4732;-49,15318;42,20288;124,774;-45,06907;42,76329;125,4253;-40,51565;43,41656;126,4447;-40,68219;43,2653;126,2021;-51,92202;48,57085;116,8297;-50,48125;50,48098;113,6397;-46,79565;49,0424;111,6109;-42,97816;47,97596;109,6461;-42,80064;48,12416;109,8848;-58,47308;52,36765;108,3902;-50,82493;48,36408;113,1071;-42,43044;46,97205;111,0645;-35,84303;44,6585;106,5774;-35,62563;44,81635;106,8862;-70,40997;56,51855;93,84184;-53,10708;49,94896;110,4486;-49,83389;48,72406;108,7122;-47,56204;46,0558;104,5896;-47,36228;46,26487;104,8665;0;0;0;-103,4201;130,8094;-35,44838;-155,1797;110,4142;-69,77042;-177,9196;86,21463;-87,79308;-187,7691;66,05783;-97,46825;-8,25139;84,43064;11,46115;388,3058;89,8414;245,2936;642,1885;129,566;402,0579;774,5353;132,1268;480,2624;877,1313;118,4859;537,8608;114,3431;28,09296;72,54701;574,9761;5,211673;338,5297;932,4177;-62,69595;535,2632;1119,408;-129,3363;632,1729;1266,096;-208,4229;703,0188;226,7989;-15,82039;130,0806;709,1135;-64,38507;403,831;1018,201;-121,644;574,275;1177,417;-204,4093;651,788;1303,863;-322,3416;703,2692;335,3691;-62,13314;184,8699;808,3879;-135,6278;448,3491;1066,888;-185,3783;590,5301;1195,297;-228,2412;657,6537;1334,377;-299,2045;725,618;0;0;0;-4,338741;-3,870964;-3,806054;-14,09769;-6,361485;-8,314847;-22,37177;-8,674978;-12,71367;-28,65386;-10,49602;-16,27028;-3,97101;-4,183173;-4,302263;-10,15091;-14,29975;-15,59686;-15,42091;-48,9707;-30,69305;-18,88847;-67,4343;-39,06154;-22,22442;-82,08202;-45,93658;-3,441095;-4,588186;-4,956007;-9,263991;-14,86963;-16,55388;-17,58957;-18,74006;-29,65736;-22,61925;-20,74957;-36,4809;-27,15683;-22,31312;-41,82529;-2,832412;-4,970401;-5,602598;-7,75051;-14,46891;-16,43944;-18,56231;-17,9193;-26,968;-28,0838;-23,42462;-34,7557;-40,74669;-30,60436;-42,57488;-2,304554;-5,334377;-6,204128;-5,870819;-13,29803;-15,43236;-15,89584;-20,04361;-27,7462;-21,54922;-23,41032;-33,78582;-28,58734;-27,07243;-40,25173;11,03817;14,63113;15,04777;15,99328;16,24748;41,21906;3,094084;1,386351;2,35052;-3,36156;3,643896;3,856966;-8,840714;3,523367;5,233454;5,290613;-7,883117;3,562054;9,902561;9,801368;-10,21511;3,372549;4,591286;5,312679;0,25795;-0,235291;0;0;-0,54853;3,636474;0;0;0,299892;0;-0,00226;-0,002232;0,977554;-0,039582;0;0,001259;0,840626;-0,027866;-0,002546;-0,002203;4,229737;-81,80694;-0,227451;0,508547;-58,6318;76,27429;0;0;-47,17941;0,599957;-0,135613;-0,133896;0,030899;-0,199127;-105,3863;-94,58197;-24,04975;-84,91315;-0,305557;-0,264359
48;768;00:00:00:768;0;0;0;-1,793521;-2,129467;4,213995;-3,664808;-2,877771;8,52351;-5,450606;-3,410453;12,15664;-6,878937;-3,784801;14,90824;-2,230394;-1,406506;3,432457;-8,836929;-1,444976;7,093084;-13,26784;-1,80279;9,555481;-15,58053;-1,855466;10,95844;-17,37581;-1,78104;12,14874;-2,799303;-0,502531;2,414737;-9,679923;-0,06944;5,496484;-14,76953;0,72121;7,777443;-17,42151;1,369481;9,148369;-19,49411;2,079777;10,37916;-3,335149;0,264391;1,456204;-9,856705;1,125412;3,67246;-14,33283;1,773243;5,763655;-16,63649;2,503388;7,172448;-18,4773;3,467366;8,638888;-3,845426;1,036234;0,54339;-9,512941;2,31251;1,636813;-13,12266;2,911973;3,169599;-14,90947;3,346663;4,034426;-16,83815;4,001959;5,114184;-46,71017;44,61473;123,4732;16,77939;18,89337;-115,2449;19,87346;18,89336;-115,2449;21,40797;18,83606;-114,7856;21,40797;18,83606;-114,7856;-47,09013;44,61472;123,4732;-49,14576;42,20431;124,7723;-45,06156;42,76466;125,4237;-40,50803;43,41786;126,4432;-40,67459;43,26661;126,2005;-51,92202;48,57085;116,8297;-50,48125;50,48098;113,6397;-46,79565;49,0424;111,6109;-42,97816;47,97596;109,6461;-42,80064;48,12416;109,8848;-58,47308;52,36765;108,3902;-50,8257;48,36464;113,106;-42,43121;46,97259;111,0634;-35,84381;44,65901;106,5764;-35,62643;44,81686;106,8852;-70,40997;56,51855;93,84184;-53,1018;49,9456;110,4555;-49,82857;48,72083;108,719;-47,55667;46,05284;104,5963;-47,3569;46,26189;104,8733;0;0;0;-103,5836;130,772;-35,53696;-155,5153;110,3505;-69,93198;-178,4014;86,12626;-88,02473;-188,3619;65,94993;-97,75614;-8,388764;84,39037;11,35529;388,0033;89,70394;244,8883;641,7302;129,0339;401,3066;773,9787;131,3843;479,3334;876,4844;117,5763;536,7962;114,2402;28,04884;72,41849;574,7283;5,068819;338,091;932,0492;-62,89465;534,5739;1118,965;-129,5644;631,3534;1265,586;-208,6742;702,0979;226,7296;-15,86812;129,9305;708,9332;-64,52399;403,3885;1017,9;-121,7956;573,5677;1177,033;-204,5667;650,9433;1303,392;-322,5026;702,3137;335,3314;-62,18432;184,6993;808,2845;-135,7554;447,9261;1066,672;-185,5217;589,9053;1195,017;-228,3923;656,9287;1334,02;-299,3636;724,7847;0;0;0;-9,809731;-2,239465;-5,314886;-20,13516;-3,823757;-9,693502;-28,9092;-5,30219;-13,89921;-35,56609;-6,474137;-17,27342;-8,242428;-2,416491;-6,351471;-18,14604;-8,247613;-24,31726;-27,50015;-31,92401;-45,07827;-33,39386;-44,54827;-55,73559;-38,81836;-54,58117;-63,87519;-6,170511;-2,647161;-7,711529;-14,86587;-8,571244;-26,31855;-22,10998;-11,92224;-41,35322;-26,56746;-13,6857;-49,16954;-30,65872;-15,07902;-55,25494;-4,155635;-2,863884;-9,010076;-10,82325;-8,335232;-26,55029;-18,04161;-9,097337;-42,43755;-23,01979;-9,439944;-50,68016;-28,28407;-9,658813;-57,32631;-2,26593;-3,070593;-10,23602;-6,202697;-7,656096;-25,38013;-12,9776;-8,606671;-37,48226;-16,74843;-9,062289;-43,50185;-21,40617;-9,547233;-49,99923;11,03695;14,6304;15,04728;15,99197;16,23712;41,21618;3,094084;1,386351;2,348521;-3,352929;3,643896;3,856966;-8,840714;3,523367;5,233454;5,290613;-7,884012;3,562054;9,902561;9,801347;-10,20955;3,372317;4,5912;5,312679;-0,621986;-0,172806;0;0;-0,119948;0,51786;0;0;0;0;0;0;-0,05373;0;0;-0,001259;0,333996;-0,013933;-0,005121;0;-52,79617;3,749084;0;0;25,71487;-187,1169;0;0;-17,99354;0;0,135613;0,133896;-61,87705;2,374935;0;-0,151062;-30,39779;0,835991;-0,154495;0,132179
49;784;00:00:00:784;0;0;0;-1,792065;-2,128783;4,21496;-3,661953;-2,875827;8,5253;-5,446552;-3,407411;12,15918;-6,87397;-3,780913;14,91137;-2,229172;-1,405863;3,433515;-8,834237;-1,443168;7,096803;-13,26383;-1,797292;9,562103;-15,57568;-1,847992;10,96652;-17,37017;-1,771988;12,15791;-2,798388;-0,501939;2,415921;-9,677718;-0,06772;5,500386;-14,76621;0,723518;7,78363;-17,4175;1,372111;9,155728;-19,48948;2,082673;10,38741;-3,334533;0,264934;1,457516;-9,855099;1,126945;3,676297;-14,33015;1,775149;5,769674;-16,63308;2,505509;7,179561;-18,47311;3,469684;8,646851;-3,84509;1,036731;0,544819;-9,512021;2,313771;1,640377;-13,12088;2,913371;3,175113;-14,90721;3,348135;4,040898;-16,83529;4,003516;5,121683;-46,67807;44,60746;123,4893;16,76555;18,87346;-115,2594;19,85963;18,87344;-115,2594;21,39396;18,81626;-114,8;21,39397;18,81626;-114,8;-47,05805;44,60747;123,4893;-49,08757;42,20399;124,7771;-45,00287;42,76384;125,4293;-40,44873;43,41627;126,4497;-40,61543;43,2652;126,2068;-51,88648;48,56628;116,8499;-50,4399;50,47496;113,6672;-46,7552;49,03729;111,6371;-42,93832;47,9718;109,6713;-42,7607;48,1199;109,9102;-58,43386;52,36655;108,4147;-50,78382;48,35717;113,1345;-42,39008;46,96614;111,0906;-35,80378;44,65475;106,6016;-35,58632;44,81245;106,9106;-70,36746;56,52352;93,87081;-53,0545;49,93728;110,4908;-49,78207;48,71342;108,753;-47,51182;46,04764;104,6276;-47,31192;46,25655;104,9048;0;0;0;-103,5836;130,772;-35,53696;-155,4615;110,3566;-69,90238;-178,3011;86,13787;-87,97033;-188,2256;65,96583;-97,68291;-8,388764;84,39037;11,35529;388,0033;89,70394;244,8883;641,7728;128,8111;401,3003;774,043;131,0425;479,3188;876,5648;117,1399;536,7702;114,2402;28,04884;72,41849;574,7283;5,068819;338,091;932,0239;-62,89477;534,5778;1118,926;-129,5646;631,3595;1265,536;-208,6745;702,1056;226,7296;-15,86812;129,9305;708,9332;-64,52399;403,3885;1017,865;-121,7973;573,5761;1176,979;-204,5694;650,9565;1303,321;-322,5062;702,3308;335,3314;-62,18432;184,6993;808,2845;-135,7554;447,9261;1066,623;-185,5068;589,8954;1194,944;-228,3697;656,9138;1333,919;-299,3325;724,7642;0;0;0;0;0;0;3,224373;0,367641;1,775622;6,021738;0,696659;3,26407;8,178233;0,954151;4,393458;0;0;0;0;0;0;2,560615;-13,37242;-0,374794;3,853797;-20,50853;-0,881195;4,823684;-26,17979;-1,559257;0;0;0;0;0;0;-1,516342;-0,007153;0,234604;-2,328872;-0,011444;0,366211;-2,998352;-0,014305;0,460625;0;0;0;0;0;0;-2,094269;-0,106573;0,506401;-3,261566;-0,163078;0,789642;-4,262924;-0,214577;1,024246;0;0;0;0;0;0;-2,929687;0,899076;-0,595093;-4,428863;1,356125;-0,8955;-6,105422;1,871109;-1,227379;11,03574;14,6287;15,04511;15,98947;16,24146;41,21026;3,094147;1,386351;2,338415;-3,318889;3,643896;3,856915;-8,836379;3,523312;5,233491;5,29065;-7,877038;3,561834;9,902561;9,801368;-10,19889;3,371969;4,591243;5,312679;0,260811;-0,355454;0,003805;0;-0,606351;2,04237;0;-0,003047;0,260067;-0,003333;0,00226;0,002232;0,418425;-0,013204;0;0,001259;0,63961;-0,0209;0,002546;0;52,96783;-10,95886;0,22831;0;-29,18415;91,47062;0;-0,182819;15,60402;-0,199986;0,135613;0,133896;28,32927;-0,792217;0;0,151062;18,33687;-0,417995;0,460052;0
50;800;00:00:00:800;0;0;0;-1,78697;-2,128352;4,21734;-3,651438;-2,87307;8,53043;-5,431428;-3,402608;12,16687;-6,85534;-3,77453;14,92109;-2,224945;-1,405334;3,436471;-8,825161;-1,441106;7,108505;-13,25022;-1,789493;9,582752;-15,55974;-1,838249;10,99105;-17,35254;-1,761511;12,18495;-2,7953;-0,501285;2,419628;-9,67044;-0,065472;5,513201;-14,75493;0,725131;7,805578;-17,40381;1,373359;9,182476;-19,47364;2,083605;10,41795;-3,332539;0,265706;1,46193;-9,849962;1,129225;3,689342;-14,32168;1,777513;5,789805;-16,62234;2,507881;7,203381;-18,46;3,472027;8,673656;-3,844126;1,037616;0,549906;-9,509308;2,315963;1,652962;-13,11555;2,915212;3,193979;-14,90041;3,349784;4,062895;-16,82665;4,004936;5,14709;-46,58902;44,5658;123,5386;16,70205;18,82238;-115,3038;19,79612;18,82235;-115,3038;21,33005;18,76566;-114,8446;21,33006;18,76565;-114,8446;-46,96899;44,56581;123,5386;-48,93966;42,16284;124,8183;-44,88358;42,72143;125,472;-40,3556;43,37231;126,4935;-40,52227;43,22153;126,2505;-51,78403;48,53222;116,9136;-50,30109;50,42449;113,7766;-46,6178;48,99;111,7432;-42,80142;47,92761;109,7753;-42,62369;48,07533;110,0145;-58,31588;52,34282;108,495;-50,66314;48,31623;113,2207;-42,27048;46,92807;111,1741;-35,68519;44,62321;106,681;-35,46763;44,78045;106,9903;-70,23019;56,5186;93,97216;-52,917;49,89386;110,5974;-49,646;48,67272;108,8567;-47,37856;46,01351;104,725;-47,1784;46,22197;105,0027;0;0;0;-103,6709;130,731;-35,59483;-155,5747;110,1431;-69,99546;-178,4348;85,77567;-88,09822;-188,3745;65,48962;-97,83884;-8,462123;84,35175;11,29183;387,8418;89,59549;244,6651;641,5385;128,1347;400,9231;773,7626;130,1459;478,8535;876,2402;116,1272;536,2384;114,1853;28,01334;72,34747;574,5959;4,965581;337,8569;931,6401;-63,0341;534,2354;1118,402;-129,7237;630,9618;1264,892;-208,8499;701,6666;226,6927;-15,90069;129,8518;708,8368;-64,61594;403,1582;1017,612;-121,909;573,2279;1176,63;-204,6925;650,5494;1302,881;-322,6398;701,8784;335,3112;-62,2141;184,6136;808,2292;-135,8311;447,7123;1066,4;-185,5879;589,5854;1194,633;-228,4538;656,5571;1333,505;-299,4202;724,3579;0;0;0;-5,239963;-2,460479;-3,47203;-6,791353;-12,81166;-5,584359;-8,022307;-21,73197;-7,67362;-8,932113;-28,57303;-9,355544;-4,401505;-2,316713;-3,807395;-9,693145;-6,507039;-13,38959;-14,06193;-40,58003;-22,63641;-16,82281;-53,79725;-27,91786;-19,47784;-60,7624;-31,90612;-3,295183;-2,13021;-4,261136;-7,939338;-6,194271;-14,04905;-23,02551;-8,360266;-20,54786;-31,47125;-9,547233;-23,86093;-38,58375;-10,5257;-26,33858;-2,217293;-1,954525;-4,721403;-5,782127;-5,516767;-13,81588;-15,2092;-6,699085;-20,89405;-20,93124;-7,384299;-24,42741;-26,40724;-8,013724;-27,14539;-1,210213;-1,786709;-5,144834;-3,318787;-4,541158;-12,82883;-13,34953;-4,868745;-18,60237;-18,64815;-5,046844;-21,39759;-24,80507;-5,264282;-24,37877;11,03312;14,6225;15,04032;15,98368;16,2633;41,19885;3,09402;1,38621;2,335902;-3,253595;3,614601;3,830577;-8,804799;3,523201;5,233491;5,29065;-7,859127;3,56112;9,902561;9,801347;-10,17052;3,371039;4,591286;5,312679;1,309891;-0,684357;-0,007596;-0,008469;-0,150747;3,917656;-1,757698;-1,580286;1,894798;-0,006666;0;0;1,074715;-0,042872;0;-0,001259;1,702309;-0,055747;0,002575;0;62,94478;-19,73419;-0,684071;-0,508118;27,33621;112,5171;-105,4619;-94,63433;98,08386;-0,199986;-0,135613;-0,133896;39,3774;-1,780128;0;-0,151062;63,76189;-2,090835;0,001717;0
51;816;00:00:00:816;0;0;0;-1,78697;-2,128352;4,21734;-3,651453;-2,873183;8,530404;-5,431455;-3,402818;12,16683;-6,85538;-3,774814;14,92102;-2,224945;-1,405334;3,436471;-8,825161;-1,441106;7,108505;-13,25042;-1,789488;9,582397;-15,56006;-1,838241;10,99051;-17,35294;-1,761501;12,18427;-2,7953;-0,501285;2,419628;-9,67044;-0,065472;5,513201;-14,75493;0,725148;7,805554;-17,40382;1,373385;9,182442;-19,47366;2,083639;10,41791;-3,332539;0,265706;1,46193;-9,849962;1,129225;3,689342;-14,3217;1,777562;5,789744;-16,62237;2,507958;7,203289;-18,46004;3,472127;8,673532;-3,844126;1,037616;0,549906;-9,509308;2,315963;1,652962;-13,11563;2,915424;3,19371;-14,90053;3,350104;4,06249;-16,82682;4,005377;5,14653;-46,58902;44,5658;123,5386;16,70178;18,82361;-115,3033;19,79586;18,82359;-115,3033;21,32979;18,76691;-114,844;21,32981;18,7669;-114,844;-46,96899;44,56581;123,5386;-48,94468;42,16558;124,8149;-44,88859;42,72421;125,4686;-40,3606;43,37514;126,4901;-40,5273;43,22435;126,247;-51,78403;48,53222;116,9136;-50,30136;50,42468;113,7762;-46,61808;48,99018;111,7429;-42,8017;47,92781;109,775;-42,62399;48,07551;110,0141;-58,31588;52,34282;108,495;-50,66393;48,3168;113,2196;-42,27129;46,92863;111,173;-35,68604;44,62373;106,68;-35,46848;44,78098;106,9893;-70,23019;56,5186;93,97216;-52,92181;49,89691;110,5911;-49,65084;48,67566;108,8505;-47,38345;46,01622;104,7189;-47,18328;46,22471;104,9966;0;0;0;-103,9766;130,7052;-35,73769;-156,2082;109,9842;-70,30325;-179,3471;85,49956;-88,55938;-189,4988;65,12295;-98,42178;-8,715726;84,32005;11,11445;387,2972;89,47176;243,963;640,7416;127,6811;399,6842;772,8369;129,5832;477,382;875,2209;115,5265;534,6169;114,0001;27,9741;72,12507;574,1592;4,830699;337,088;930,965;-63,13085;532,9182;1117,583;-129,7985;629,3565;1263,946;-208,9058;699,8338;226,573;-15,94704;129,5869;708,5286;-64,75274;402,3755;1017,108;-122,051;572,0192;1175,993;-204,835;649,1193;1302,104;-322,7806;700,2687;335,2534;-62,26722;184,3084;808,0663;-135,9626;446,9572;1066,101;-185,6989;588,4497;1194,256;-228,5535;655,2316;1333,03;-299,5064;722,8256;0;0;0;-18,34345;-1,553535;-8,571088;-38,01155;-9,532928;-18,46719;-54,73852;-16,56711;-27,66967;-67,46005;-21,99983;-34,976;-15,21617;-1,901865;-10,643;-32,67431;-7,423996;-42,12713;-47,81055;-27,21977;-74,33366;-55,5439;-33,76365;-88,2883;-61,15722;-36,04245;-97,29194;-11,11364;-2,354443;-13,34417;-26,20411;-8,092895;-46,13113;-40,51208;-5,804657;-79,03289;-49,12376;-4,48966;-96,31919;-56,80275;-3,35598;-109,9691;-7,179736;-2,780914;-15,89012;-18,49365;-8,207916;-46,96083;-30,20095;-8,51941;-72,51834;-38,21182;-8,553027;-85,80207;-46,60034;-8,451461;-96,57668;-3,46756;-3,18718;-18,31341;-9,767531;-7,888555;-45,30429;-17,95578;-6,658316;-68,14098;-22,6078;-5,98526;-79,53071;-28,50723;-5,169868;-91,9361;11,03368;14,6226;15,04053;15,98442;16,26176;41,19928;3,09402;1,386069;2,332213;-3,256301;3,614547;3,830577;-8,805089;3,523201;5,233491;5,290688;-7,86005;3,561175;9,902561;9,801368;-10,17558;3,371156;4,591328;5,312679;-0,092239;0,025406;0;-0,008469;-0,221372;-0,162392;-0,003262;0;-0,017395;0;0;0,002232;-0,055418;0,003304;0;0,001259;-0,304012;0,006981;0,002546;0;-84,12779;42,58575;0,455761;0;-4,237461;-244,8028;105,2662;94,81715;-114,7316;0,399971;0;0,133896;-67,80796;2,770614;0;0,151062;-120,3792;3,763675;-0,001717;0
52;832;00:00:00:832;0;0;0;-1,784254;-2,127466;4,218936;-3,645766;-2,870139;8,533655;-5,42324;-3,397906;12,17158;-6,845243;-3,768472;14,92697;-2,222699;-1,404536;3,438251;-8,820367;-1,439032;7,114871;-13,24356;-1,783336;9,593018;-15,55193;-1,8299;11,00329;-17,34367;-1,75141;12,19865;-2,79367;-0,5006;2,421652;-9,666615;-0,063581;5,519922;-14,7493;0,72761;7,816099;-17,39709;1,376169;9,194944;-19,46593;2,086696;10,43191;-3,331496;0,266284;1,464198;-9,847284;1,130828;3,695989;-14,31747;1,779908;5,799457;-16,61708;2,510739;7,214511;-18,45362;3,475311;8,685904;-3,84364;1,038093;0,552401;-9,507926;2,31719;1,659175;-13,11275;2,916281;3,203581;-14,8968;3,35078;4,074167;-16,82206;4,00586;5,160154;-46,53506;44,5518;123,5707;16,67246;18,78484;-115,3255;19,76654;18,78482;-115,3254;21,30016;18,72836;-114,8663;21,30016;18,72836;-114,8663;-46,91503;44,55182;123,5708;-48,86357;42,15949;124,8329;-44,80687;42,71746;125,4876;-40,27819;43,36733;126,5103;-40,44504;43,21678;126,267;-51,72393;48,52276;116,9529;-50,23296;50,41383;113,826;-46,55113;48,98088;111,7904;-42,73569;47,92002;109,821;-42,55783;48,06755;110,0604;-58,24915;52,33928;108,5421;-50,60236;48,30926;113,2604;-42,21098;46,92256;111,2119;-35,62767;44,62089;106,7158;-35,40998;44,77792;107,0253;-70,15705;56,52541;94,02744;-52,83632;49,87762;110,663;-49,56659;48,65806;108,9202;-47,30171;46,00268;104,7842;-47,10133;46,21088;105,0622;0;0;0;-103,9766;130,7052;-35,73769;-156,1741;109,9223;-70,29734;-179,2828;85,38467;-88,54977;-189,4111;64,96759;-98,40961;-8,715726;84,32005;11,11445;387,2972;89,47176;243,963;640,812;127,4836;399,7189;772,9456;129,2805;477,4285;875,3606;115,1402;534,6671;114,0001;27,9741;72,12507;574,1592;4,830699;337,088;930,9324;-63,13203;532,9247;1117,533;-129,8004;629,3665;1263,882;-208,9082;699,8464;226,573;-15,94704;129,5869;708,5286;-64,75274;402,3755;1017,104;-122,0538;572,0236;1175,986;-204,8394;649,126;1302,095;-322,7863;700,2777;335,2534;-62,26722;184,3084;808,0663;-135,9626;446,9572;1066,009;-185,7093;588,4834;1194,117;-228,5692;655,2821;1332,838;-299,5281;722,8954;0;0;0;0;0;0;2,050638;-3,712177;0,354052;3,856658;-6,893277;0,576496;5,25999;-9,321569;0,729561;0;0;0;0;0;0;4,220008;-11,84463;2,084255;6,528854;-18,16177;2,789497;8,382796;-23,18072;3,009796;0;0;0;0;0;0;-1,951217;-0,071168;0,39196;-2,981186;-0,109434;0,597954;-3,828048;-0,141621;0,761032;0;0;0;0;0;0;-0,257492;-0,168085;0,263214;-0,383377;-0,263214;0,400543;-0,520706;-0,340462;0,537872;0;0;0;0;0;0;-5,533218;-0,623703;2,019882;-8,359908;-0,942707;3,029823;-11,5242;-1,301765;4,188537;11,0331;14,62089;15,0392;15,98023;16,27763;41,1932;3,094084;1,386351;2,32035;-3,219175;3,614547;3,830526;-8,799487;3,523145;5,233491;5,290613;-7,858976;3,56112;9,902561;9,801347;-10,15189;3,370401;4,591286;5,312716;0,952263;-0,36438;0,003791;0,016937;-0,711794;2,227578;0;-0,003061;0,336113;-0,003333;0;-0,004463;0,06443;-0,003304;0;-0,001259;1,421356;-0,045304;-0,002546;0,002203;62,67013;-23,38714;0,227451;1,524353;-29,42533;143,3982;0,195694;-0,183678;21,21048;-0,199986;0;-0,401688;7,190895;-0,396538;0;-0,151062;103,5221;-3,137111;-0,305557;0,132179
53;848;00:00:00:848;0;0;0;-1,77905;-2,127229;4,221252;-3,637618;-2,872314;8,536825;-5,412637;-3,402167;12,17565;-6,832787;-3,774332;14,93177;-2,218472;-1,404376;3,441046;-8,81168;-1,438881;7,125658;-13,2315;-1,77987;9,610283;-15,53745;-1,823546;11,02459;-17,32669;-1,741944;12,22348;-2,790713;-0,50054;2,425072;-9,659919;-0,063584;5,531634;-14,73957;0,726943;7,834723;-17,38557;1,375158;9,217167;-19,45283;2,085418;10,45695;-3,329731;0,266251;1,468214;-9,842849;1,130681;3,707833;-14,31017;1,778927;5,817642;-16,6079;2,509323;7,235968;-18,44252;3,473541;8,709978;-3,843012;1,037969;0,55698;-9,506008;2,316907;1,67052;-13,10873;2,915298;3,220084;-14,89162;3,349448;4,093227;-16,81545;4,004149;5,181976;-46,45065;44,51694;123,6324;16,62584;18,79253;-115,3261;19,71992;18,79252;-115,3261;21,25362;18,7364;-114,8669;21,25362;18,7364;-114,8669;-46,83062;44,51695;123,6324;-48,75379;42,13284;124,8775;-44,66722;42,68987;125,5333;-40,11138;43,3379;126,5577;-40,27846;43,18787;126,3139;-51,62765;48,49504;117,0274;-50,12068;50,38273;113,9202;-46,44048;48,95236;111,8816;-42,62595;47,894;109,9102;-42,44793;48,04122;110,1498;-58,13927;52,32118;108,6315;-50,49099;48,27615;113,3537;-42,10085;46,89211;111,3025;-35,51897;44,59644;106,8023;-35,30116;44,75305;107,1121;-70,03096;56,52471;94,13507;-52,7183;49,8475;110,7638;-49,4501;48,63028;109,0182;-47,18834;45,98053;104,8763;-46,98772;46,18834;105,1548;0;0;0;-104,1396;130,652;-35,83344;-156,4937;109,9534;-70,41433;-179,7341;85,48861;-88,69225;-189,9618;65,12746;-98,57449;-8,850462;84,27215;11,0077;387,0096;89,34733;243,5811;640,4643;126,914;399,0953;772,5557;128,3896;476,6756;874,93;113,934;533,8027;113,9023;27,93299;72,00362;573,9298;4,71724;336,6847;930,5316;-63,28004;532,3016;1117,032;-129,9678;628,631;1263,294;-209,0922;699,0252;226,5105;-15,98174;129,4508;708,3679;-64,84894;401,9767;1016,773;-122,1923;571,4516;1175,548;-205,0027;648,4692;1301,552;-322,9727;699,5566;335,2242;-62,29581;184,1587;807,9835;-136,0363;446,5845;1065,771;-185,7592;587,9025;1193,796;-228,6075;654,599;1332,418;-299,5539;722,1022;0;0;0;-9,775399;-3,18861;-5,745291;-19,176;1,868248;-7,019162;-27,07386;6,236672;-8,54802;-33,03981;9,592294;-9,891986;-8,084177;-2,874613;-6,405115;-17,25769;-7,465838;-22,91679;-20,85972;-34,17992;-37,41359;-23,39458;-53,45392;-45,17555;-25,83504;-72,371;-51,8589;-5,868673;-2,466202;-7,286309;-13,76438;-6,80758;-24,19853;-24,04976;-8,880614;-37,38212;-30,04646;-10,04934;-44,12269;-35,27069;-11,03783;-49,27539;-3,753662;-2,081662;-8,166789;-9,638785;-5,771756;-23,92959;-19,87839;-8,30984;-34,32083;-26,30424;-9,800433;-39,40773;-32,60421;-11,18517;-43,26725;-1,752377;-1,715541;-8,98075;-4,972457;-4,42028;-22,36461;-14,25362;-2,993345;-34,85012;-19,26613;-2,29454;-40,98701;-25,19989;-1,547813;-47,59311;11,02667;14,61596;15,03424;15,97551;16,22193;41,1801;3,09402;1,38621;2,307493;-3,18137;3,643842;3,856915;-8,788743;3,523089;5,233491;5,29065;-7,843976;3,56057;9,902561;9,801347;-10,13609;3,36982;4,591286;5,312716;-3,342132;-0,786209;-0,003791;-0,008469;-0,771418;2,268319;1,757741;1,583347;0,644646;-0,003347;0;0,002232;0,899992;-0,032988;0;0;0,9482;-0,034862;0;0;-257,6637;-25,30975;-0,454903;-1,524353;-3,577423;2,444458;105,4644;95,1845;18,51196;-0,000858;0;0,401688;50,1337;-1,780987;0;0,075531;-28,38935;0,626564;0,152779;-0,132179
54;864;00:00:00:864;0;0;0;-1,77905;-2,127229;4,221252;-3,637314;-2,872902;8,536855;-5,412082;-3,403264;12,17573;-6,832044;-3,775819;14,93189;-2,218472;-1,404376;3,441046;-8,81168;-1,438881;7,125658;-13,23164;-1,779751;9,610044;-15,53767;-1,823362;11,02423;-17,32698;-1,741709;12,22302;-2,790713;-0,50054;2,425072;-9,659919;-0,063584;5,531634;-14,73967;0,727151;7,834448;-17,38572;1,375478;9,216744;-19,45301;2,085829;10,4564;-3,329731;0,266251;1,468214;-9,842849;1,130681;3,707833;-14,31014;1,778863;5,817719;-16,60785;2,509224;7,236089;-18,44247;3,473412;8,710136;-3,843012;1,037969;0,55698;-9,506008;2,316907;1,67052;-13,10864;2,915061;3,220385;-14,89149;3,349091;4,093682;-16,81526;4,003656;5,182603;-46,45065;44,51694;123,6324;16,61979;18,79669;-115,3244;19,71387;18,79667;-115,3243;21,24761;18,7406;-114,8651;21,24761;18,74059;-114,8651;-46,83062;44,51695;123,6324;-48,75665;42,1353;124,8745;-44,67007;42,69235;125,5303;-40,11419;43,34042;126,5547;-40,28129;43,1904;126,3109;-51,62765;48,49504;117,0274;-50,12405;50,38507;113,9159;-46,44388;48,9546;111,8773;-42,62938;47,89618;109,9058;-42,45136;48,0434;110,1455;-58,13927;52,32118;108,6315;-50,48996;48,27538;113,3551;-42,09979;46,89138;111,3039;-35,51787;44,59577;106,8037;-35,30007;44,75236;107,1135;-70,03096;56,52471;94,13507;-52,71292;49,84408;110,7708;-49,44472;48,62695;109,0252;-47,1829;45,97748;104,8831;-46,98225;46,18526;105,1617;0;0;0;-104,4518;130,6378;-35,9724;-157,0119;110,1061;-70,61957;-180,4258;85,78512;-88,96288;-190,7849;65,53407;-98,89805;-9,10411;84,26254;10,84001;386,4884;89,33828;242,9339;639,758;126,7102;398,06;771,7139;128,0146;475,3983;873,9461;113,3741;532,3143;113,7248;27,92938;71,79844;573,5281;4,717465;335,982;929,9694;-63,2399;531,181;1116,374;-129,907;627,2927;1262,55;-209,0152;697,5167;226,4046;-15,97971;129,2099;708,1018;-64,84013;401,2661;1016,328;-122,1332;570,3614;1174,988;-204,9175;647,1831;1300,874;-322,8661;698,1139;335,1866;-62,28841;183,884;807,8685;-136,0193;445,9037;1065,507;-185,6996;586,9166;1193,45;-228,5267;653,4617;1331,973;-299,4501;720,8016;0;0;0;-18,73398;-0,85187;-8,337557;-31,09645;9,160279;-12,3142;-41,50486;17,79055;-16,23809;-49,38197;24,39666;-19,41383;-15,21885;-0,576138;-10,06097;-31,27241;-0,542879;-38,83266;-42,38033;-12,22944;-62,12281;-50,51136;-22,49765;-76,63535;-59,03434;-33,59484;-89,30396;-10,6473;-0,216723;-12,31134;-24,10698;0,0135;-42,16289;-33,73146;2,408623;-67,23975;-39,49928;3,64995;-80,30032;-44,65484;4,61483;-90,51131;-6,351471;0,121772;-14,45532;-15,96737;0,528574;-42,63782;-26,66473;3,543377;-65,41442;-33,62846;5,114078;-77,16464;-40,70091;6,394386;-86,56024;-2,257347;0,444174;-16,4845;-6,900787;1,019955;-40,84396;-15,85007;3,571272;-59,16022;-20,75386;4,845142;-68,23539;-26,69334;6,228446;-78,03725;11,02811;14,61772;15,03541;15,97603;16,21774;41,18682;3,09402;1,386351;2,304183;-3,18217;3,643896;3,856966;-8,792362;3,523145;5,233454;5,29065;-7,842775;3,56057;9,902581;9,801347;-10,13042;3,369646;4,591286;5,312716;-0,251541;0,403519;0;0,008469;-0,198612;-0,047994;0,003219;0,003047;-0,217152;0,003347;-0,00226;0;0,072098;0;0,001202;0;0,340004;-0,010443;0;0;185,4355;71,38366;0,227451;1,016235;34,36832;-138,9788;-105,2713;-94,81801;-51,70783;0,401688;-0,135613;-0,133896;-49,67365;1,979256;0,072098;0;-36,49177;1,46513;0;0
55;880;00:00:00:880;0;0;0;-1,777011;-2,127178;4,222137;-3,633582;-2,872613;8,53851;-5,406925;-3,402784;12,1781;-6,82581;-3,775198;14,93484;-2,21683;-1,404384;3,442099;-8,808376;-1,439172;7,129683;-13,22724;-1,779065;9,616157;-15,53262;-1,822148;11,03141;-17,32137;-1,740068;12,23101;-2,789587;-0,500625;2,426348;-9,657422;-0,063993;5,535986;-14,73607;0,726243;7,841399;-17,38147;1,374313;9,225047;-19,4482;2,084465;10,46576;-3,329087;0,266092;1,469702;-9,84125;1,130188;3,71222;-14,30761;1,778097;5,824174;-16,60324;2,510405;7,244901;-18,43401;3,477707;8,72169;-3,842829;1,037742;0,558669;-9,505406;2,316355;1,674709;-13,10757;2,914844;3,22553;-14,89015;3,349052;4,099283;-16,81359;4,003825;5,188676;-46,41877;44,50453;123,6585;16,60057;18,78352;-115,3283;19,69465;18,7835;-115,3282;21,22828;18,72759;-114,869;21,22828;18,72757;-114,869;-46,79874;44,50453;123,6585;-48,72018;42,12804;124,8916;-44,63339;42,68478;125,5479;-40,07731;43,33237;126,5727;-40,24446;43,18246;126,3288;-51,59142;48,48534;117,0583;-50,08143;50,37376;113,9546;-46,40191;48,94429;111,9148;-42,58777;47,8868;109,9427;-42,40967;48,03392;110,1825;-58,09809;52,31508;108,6678;-50,45193;48,26643;113,3879;-42,00372;46,88335;111,3356;-35,37233;44,59291;106,8304;-35,15414;44,74895;107,1408;-69,98401;56,5251;94,17795;-52,68575;49,84439;110,7891;-49,41824;48,6278;109,0425;-47,15784;45,97958;104,8986;-46,95709;46,1873;105,1773;0;0;0;-104,4518;130,6378;-35,9724;-157,0124;110,1406;-70,60852;-180,4254;85,84975;-88,94464;-190,7836;65,62188;-98,87489;-9,10411;84,26254;10,84001;386,4884;89,33828;242,9339;639,8055;126,6449;398,079;771,7871;127,9145;475,4254;874,0397;113,2463;532,3462;113,7248;27,92938;71,79844;573,5281;4,717465;335,982;929,9485;-63,25251;531,2017;1116,342;-129,9264;627,3243;1262,508;-209,0402;697,5574;226,4046;-15,97971;129,2099;708,1018;-64,84013;401,2661;1016,32;-122,1292;570,3577;1174,959;-205,0779;647,1391;1300,798;-323,2955;697,9557;335,1866;-62,28841;183,884;807,8685;-136,0193;445,9037;1065,551;-185,6866;586,8896;1193,517;-228,5071;653,4211;1332,065;-299,4229;720,7455;0;0;0;0;0;0;-0,027895;2,070665;0,662684;0,021458;3,877759;1,094341;0,075102;5,268573;1,389384;0;0;0;0;0;0;2,85244;-3,91674;1,142979;4,394531;-6,005287;1,627922;5,619049;-7,66611;1,911163;0;0;0;0;0;0;-1,253128;-0,756383;1,238823;-1,928329;-1,163721;1,896858;-2,494812;-1,496315;2,440452;0;0;0;0;0;0;-0,47493;0,241041;-0,22316;-1,716614;-9,621619;-2,640724;-4,520416;-25,76208;-9,490012;0;0;0;0;0;0;2,655029;0,78249;-1,613617;4,02832;1,180172;-2,440452;5,533218;1,627922;-3,367424;11,02766;14,6162;15,0319;15,97676;16,21705;41,18232;3,094084;1,38621;2,29661;-3,1712;3,643896;3,856915;-8,787848;3,523089;5,233454;5,29065;-7,841524;3,560515;9,96115;9,853969;-10,14255;3,370052;4,591371;5,312716;-0,041084;-0,270538;0,003791;-0,008469;-0,454345;0,658193;0;-0,003047;0,270824;-0,003347;0;0;0,075045;-0,003304;3,514137;3,15731;-0,727673;0,02439;0,005121;0;12,62741;-40,44342;0,227451;-1,016235;-15,34395;42,37117;-0,193119;-0,365639;29,27856;-0,401688;0,135613;0;0,176811;-0,198269;210,7761;189,4386;-64,06059;2,089977;0,307274;0
56;896;00:00:00:896;0;0;0;-1,773395;-2,127692;4,223399;-3,62523;-2,874585;8,541552;-5,394598;-3,406022;12,1829;-6,810474;-3,779406;14,94105;-2,213901;-1,404846;3,443796;-8,802388;-1,440363;7,136835;-13,21855;-1,778522;9,628342;-15,52235;-1,820683;11,0462;-17,30971;-1,737875;12,24781;-2,787549;-0,501019;2,428609;-9,65283;-0,065074;5,543979;-14,7293;0,723957;7,854596;-17,37342;1,371367;9,240994;-19,43903;2,080976;10,48389;-3,327883;0,265763;1,472486;-9,838236;1,129276;3,720482;-14,30252;1,775914;5,837194;-16,59682;2,507503;7,260446;-18,42624;3,474166;8,739321;-3,842422;1,037473;0,561955;-9,504143;2,315663;1,682811;-13,10485;2,913263;3,237352;-14,88618;3,347794;4,113492;-16,80748;4,003631;5,206013;-46,36779;44,47351;123,6974;16,53538;18,77098;-115,3393;19,62945;18,77097;-115,3393;21,16301;18,71556;-114,8801;21,16301;18,71555;-114,8801;-46,74776;44,47352;123,6974;-48,64264;42,09748;124,9256;-44,55562;42,65356;125,5825;-39,99952;43,30014;126,608;-40,16665;43,15047;126,364;-51,53156;48,4587;117,1063;-50,00582;50,3415;114,022;-46,32677;48,91376;111,9806;-42,51266;47,85801;110,0075;-42,33455;48,00489;110,2474;-58,02753;52,29453;108,7269;-50,37666;48,23261;113,4551;-41,92867;46,85134;111,4014;-35,29698;44,56503;106,8944;-35,07883;44,72078;107,2048;-69,89896;56,51599;94,25208;-52,60799;49,81449;110,8583;-49,31174;48,59946;109,1102;-47,02748;45,95639;104,9612;-46,82642;46,16365;105,2404;0;0;0;-104,5742;130,6347;-36,02551;-157,3094;110,1386;-70,75694;-180,873;85,84853;-89,17504;-191,3461;65,62128;-99,16841;-9,202591;84,26301;10,77678;386,2902;89,3557;242,6924;639,5468;126,4418;397,7214;771,4926;127,5934;475,0032;873,7142;112,831;531,8705;113,6573;27,9345;71,72188;573,3782;4,741977;335,7209;929,6617;-63,19839;530,7955;1115,978;-129,857;626,843;1262,08;-208,959;697,0177;226,3659;-15,97021;129,1206;708,0059;-64,81056;401,0029;1016,089;-122,081;569,9812;1174,559;-205,1451;646,6271;1300,13;-323,5485;697,2842;335,1755;-62,27475;183,7826;807,8323;-135,9862;445,6523;1065,435;-185,6723;586,5903;1193,353;-228,5645;653,0912;1331,835;-299,6224;720,3645;0;0;0;-7,342099;-0,185967;-3,186464;-17,82059;-0,120878;-8,904933;-26,85142;-0,072956;-13,82411;-33,75291;-0,03612;-17,61138;-5,908906;0,027895;-3,793984;-11,89184;1,045346;-14,48965;-15,52677;-12,18295;-21,45767;-17,67254;-19,26756;-25,3315;-19,52934;-24,91808;-28,54443;-4,049778;0,306845;-4,593729;-8,989333;1,470722;-15,66696;-17,20619;3,246903;-24,37019;-21,81816;4,163503;-28,88202;-25,70915;4,872322;-32,38105;-2,320289;0,569522;-5,358696;-5,753517;1,773834;-15,79284;-13,88741;2,895355;-22,58777;-23,99826;-4,032611;-30,72166;-40,1287;-15,18059;-40,28892;-0,662327;0,819325;-6,081819;-2,168655;1,986265;-15,08331;-6,99234;0,855446;-17,9615;-9,841918;-3,447533;-19,78969;-13,84163;-11,97052;-22,85957;11,02975;14,61817;15,03336;15,9777;16,21679;41,20045;3,09402;1,38621;2,294905;-3,14068;3,643896;3,856915;-8,775702;3,523034;5,233491;5,29065;-7,826215;3,55991;9,96115;9,853969;-10,12976;3,369646;4,620588;5,339059;-0,01545;1,088333;-0,003791;0;-0,10231;1,831169;0;0;0,72876;-0,003319;0,00226;0;0,918531;-0,036292;0;0;0,767326;-0,02439;1,753006;1,580601;1,538086;81,53228;-0,454903;0,508118;21,12207;70,37859;0;0,182819;27,47611;0,001717;0,135613;0;50,6092;-1,979255;-210,8482;-189,4386;89,69992;-2,926826;104,8731;94,83603
57;912;00:00:00:912;0;0;0;-1,768215;-2,128508;4,225159;-3,612572;-2,879983;8,545717;-5,375691;-3,415405;12,18951;-6,786851;-3,791852;14,94966;-2,20973;-1,405634;3,446153;-8,793977;-1,442669;7,146732;-13,20639;-1,780188;9,644953;-15,50846;-1,823119;11,06559;-17,29473;-1,741728;12,26892;-2,784685;-0,50177;2,431737;-9,646461;-0,067316;5,555025;-14,71994;0,719572;7,87293;-17,36233;1,365823;9,26318;-19,42641;2,074488;10,50913;-3,326237;0,265045;1,476331;-9,834147;1,127235;3,731893;-14,29559;1,771701;5,855252;-16,58809;2,502084;7,282025;-18,41571;3,467695;8,763812;-3,841941;1,036788;0,566487;-9,502581;2,313931;1,69399;-13,10008;2,912321;3,255638;-14,87958;3,347232;4,135305;-16,79857;4,003469;5,231645;-46,29693;44,43106;123,7562;16,42522;18,77303;-115,3414;19,5193;18,77301;-115,3414;21,05291;18,71842;-114,882;21,05291;18,71842;-114,882;-46,67691;44,43106;123,7562;-48,54455;42,04987;124,9845;-44,48672;42,60514;125,6422;-39,95746;43,25081;126,668;-40,12443;43,10126;126,4239;-51,44847;48,42232;117,1776;-49,8998;50,29644;114,1216;-46,22145;48,87114;112,078;-42,40737;47,8178;110,1036;-42,2292;47,9644;110,3437;-57,92974;52,26656;108,8134;-50,27134;48,18549;113,5543;-41,8237;46,80677;111,4986;-35,19159;44,52624;106,9889;-34,97345;44,68159;107,2996;-69,78132;56,50385;94,35934;-52,44798;49,77003;110,9659;-49,15359;48,55817;109,2142;-46,87314;45,9228;105,0575;-46,67171;46,12954;105,3374;0;0;0;-104,7911;130,6656;-36,10117;-158,0172;110,3834;-71,05404;-182,0028;86,27569;-89,66678;-192,7986;66,1873;-99,81045;-9,378343;84,29073;10,67497;385,9308;89,42717;242,2632;638,9932;126,2617;396,997;770,8275;127,3625;474,1219;872,9523;112,6191;530,8728;113,535;27,95813;71,58622;573,1027;4,80686;335,2413;929,1497;-63,06168;530,02;1115,332;-129,681;625,9113;1261,32;-208,7506;695,9617;226,2937;-15,95044;128,9536;707,825;-64,75584;400,5071;1015,668;-121,9466;569,2159;1173,994;-204,9657;645,7191;1299,428;-323,3292;696,258;335,1512;-62,25864;183,5854;807,7565;-135,9446;445,1663;1065,169;-185,7696;585,8878;1192,958;-228,7788;652,2412;1331,249;-300,0094;719,3114;0;0;0;-13,01551;1,851797;-4,539728;-42,46759;14,68777;-17,82596;-67,7905;25,62904;-29,5043;-87,14461;33,96141;-38,52188;-10,5451;1,663327;-6,108731;-21,56067;4,287958;-25,74921;-33,21361;-10,80608;-43,46037;-39,90554;-13,85736;-52,88315;-45,71914;-12,71224;-59,86118;-7,337092;1,417816;-8,139252;-16,53099;3,893025;-28,77187;-30,72166;8,202909;-46,52595;-38,76114;10,56003;-55,90153;-45,59898;12,50267;-63,35735;-4,333019;1,18643;-10,02145;-10,85472;3,283024;-29,74605;-25,26283;8,061646;-45,91941;-33,90884;10,76031;-54,48246;-42,09709;13,16214;-61,57779;-1,461983;0,967026;-11,82818;-4,549026;2,493381;-29,16526;-15,95306;-5,835771;-42,15145;-23,68927;-12,85601;-51,00346;-35,12191;-23,21577;-63,18568;11,03653;14,62501;15,03981;15,98253;16,19484;41,24878;3,09402;1,386351;2,300442;-3,112944;3,614547;3,830526;-8,757597;3,522978;5,233491;5,29065;-7,803812;3,559085;9,96115;9,85399;-10,10626;3,416384;4,620588;5,339022;-1,3171;2,899475;0;0,008469;0,332222;1,664157;-1,76096;-1,583347;1,08633;-0,003347;0;0;1,344194;-0,04951;0;0,001259;1,410198;2,804317;0;-0,002203;-78,09905;108,6685;0,227451;0,508118;26,07193;-10,02073;-105,6576;-95,00082;21,45424;-0,001717;-0,135613;0;25,53977;-0,793076;0;0,075531;38,57231;169,7224;-105,1803;-94,96821
58;928;00:00:00:928;0;0;0;-1,766985;-2,129358;4,225245;-3,609474;-2,884172;8,546019;-5,371057;-3,422491;12,19013;-6,781065;-3,801162;14,95056;-2,208769;-1,406427;3,446445;-8,792175;-1,44486;7,148506;-13,2039;-1,782965;9,647861;-15,50559;-1,826215;11,06911;-17,29155;-1,745083;12,27291;-2,784071;-0,502489;2,432292;-9,645199;-0,069383;5,557192;-14,71803;0,715999;7,877025;-17,36007;1,36143;9,268327;-19,42386;2,069422;10,51514;-3,325938;0,264397;1,47712;-9,833451;1,125411;3,734278;-14,29435;1,768639;5,859163;-16,58653;2,498323;7,286797;-18,41387;3,463311;8,769337;-3,841949;1,036207;0,567506;-9,502498;2,31245;1,696476;-13,09967;2,910003;3,2592;-14,87945;3,343703;4,138903;-16,7994;3,997866;5,234794;-46,28843;44,41688;123,7695;16,38959;18,79551;-115,3305;19,48367;18,79549;-115,3305;21,01748;18,74117;-114,871;21,01748;18,74117;-114,871;-46,6684;44,41688;123,7695;-48,53261;42,03603;124,9966;-44,4749;42,59118;125,6543;-39,94586;43,2367;126,68;-40,11276;43,0872;126,436;-51,43693;48,40894;117,1937;-49,87859;50,27779;114,1497;-46,19984;48,85297;112,106;-42,38528;47,80012;110,1317;-42,20716;47,94668;110,3718;-57,91418;52,25442;108,8331;-50,25299;48,16842;113,5787;-41,80494;46,79015;111,5231;-35,17181;44,5107;107,0136;-34,95372;44,66596;107,3242;-69,75912;56,49449;94,38528;-52,43078;49,75551;110,9882;-49,16547;48,54399;109,2364;-46,90931;45,90809;105,0816;-46,70811;46,11496;105,3612;0;0;0;-105,1019;130,7145;-36,20678;-158,8796;110,8151;-71,34818;-183,3313;87,03828;-90,14144;-194,4807;67,20347;-100,4295;-9,628638;84,33801;10,53357;385,4262;89,56554;241,6694;638,2665;126,3375;396,0018;769,9987;127,4715;472,9595;872,0593;112,803;529,6068;113,3631;28,00322;71,39851;572,7206;4,94135;334,5786;928,5367;-62,79882;528,9279;1114,587;-129,3487;624,5923;1260,461;-208,3618;694,463;226,1949;-15,90739;128,7229;707,5797;-64,63337;399,8225;1015,218;-121,6928;568,1371;1173,417;-204,6391;644,4314;1298,727;-322,9389;694,7977;335,1223;-62,21756;183,3135;807,6628;-135,8407;444,4955;1064,869;-185,7127;584,7931;1192,546;-228,6829;650,944;1330,707;-299,807;717,8148;0;0;0;-18,64815;2,937555;-6,336629;-51,74232;25,90442;-17,64893;-79,70953;45,75562;-28,47969;-100,9262;60,96982;-37,14323;-15,01769;2,836704;-8,483827;-30,27963;8,302688;-35,62975;-43,59912;4,546165;-59,71383;-49,72744;6,539583;-69,74029;-53,58124;11,03067;-75,95729;-10,31327;2,705633;-11,26242;-22,92537;8,069381;-39,76678;-36,78131;15,77139;-65,52886;-44,70634;19,93847;-79,13589;-51,53275;23,32878;-89,9248;-5,926609;2,582788;-13,84163;-14,7171;7,348536;-41,07856;-26,97945;15,22779;-64,72778;-34,59549;19,59944;-77,25906;-42,05703;23,41747;-87,61882;-1,732349;2,464771;-16,3157;-5,624771;6,232023;-40,24314;-18,00155;3,41177;-65,6805;-24,73068;5,752086;-77,83126;-32,52983;12,14075;-89,7932;11,03937;14,62795;15,04334;15,98712;16,17243;41,27127;3,09402;1,386351;2,299761;-3,108413;3,614547;3,830577;-8,748777;3,522923;5,233491;5,290688;-7,79727;3,55881;9,961131;9,854009;-10,10291;3,41627;4,591286;5,312753;-1,344681;1,349487;0;0;-0,040841;0,271883;0;0,003061;0,529175;-0,003333;0;0,002232;0,392532;-0,016494;-0,001144;0,001144;0,200844;-0,006881;-1,758127;-1,576166;-1,654816;-92,99925;0;-0,508118;-22,38378;-83,53642;105,6576;95,1845;-33,42934;0,000858;0;0,133896;-57,09972;1,980972;-0,068665;-0,006866;-72,56126;-168,6719;-105,4876;-94,43777
59;944;00:00:00:944;0;0;0;-1,764744;-2,129618;4,22605;-3,603396;-2,885578;8,548258;-5,361741;-3,424864;12,19379;-6,769297;-3,804267;14,95537;-2,206903;-1,40655;3,44759;-8,788131;-1,444626;7,153523;-13,1978;-1,781756;9,656639;-15,49829;-1,824501;11,07985;-17,28319;-1,742981;12,28519;-2,782696;-0,502433;2,433876;-9,641933;-0,068875;5,562863;-14,71304;0,716248;7,88655;-17,35404;1,361512;9,2799;-19,41689;2,069347;10,52835;-3,325037;0,26462;1,479108;-9,831119;1,126141;3,740193;-14,29026;1,768664;5,868979;-16,58127;2,49791;7,298708;-18,4074;3,462471;8,783005;-3,841493;1,03659;0,569883;-9,501228;2,313366;1,702325;-13,09716;2,910517;3,268053;-14,87624;3,343996;4,14927;-16,79533;3,99789;5,246833;-46,25407;44,39287;123,7869;16,33421;18,7874;-115,3482;19,42829;18,78738;-115,3482;20,96205;18,73348;-114,8886;20,96205;18,73347;-114,8886;-46,63404;44,39288;123,7869;-48,48009;42,00627;125,0179;-44,42239;42,56097;125,676;-39,89354;43,20582;126,702;-40,06039;43,05647;126,4579;-51,39608;48,38789;117,2176;-49,82499;50,25156;114,1893;-46,14638;48,82799;112,1447;-42,33167;47,77638;110,1698;-42,15355;47,92277;110,41;-57,86535;52,23756;108,8651;-50,19448;48,13725;113,6252;-41,74635;46,76037;111,5687;-35,11241;44,48418;107,0581;-34,89441;44,63921;107,3688;-69,69907;56,4856;94,4287;-52,37102;49,72811;111,0351;-49,1059;48,51777;109,2824;-46,85003;45,88478;105,1255;-46,64878;46,09146;105,4053;0;0;0;-105,1757;130,7655;-36,21196;-159,148;111,0714;-71,42543;-183,7655;87,47146;-90,28476;-195,041;67,77217;-100,6245;-9,68626;84,38559;10,51602;385,3181;89,69698;241,563;638,0782;126,4202;395,8304;769,7668;127,5286;472,7506;871,7921;112,8401;529,3656;113,3263;28,04633;71,36522;572,6448;5,065393;334,4485;928,3618;-62,58475;528,6913;1114,359;-129,0856;624,2978;1260,189;-208,0584;694,1204;226,177;-15,86849;128,6755;707,538;-64,52393;399,6794;1015,048;-121,5062;567,9155;1173,175;-204,409;644,1655;1298,421;-322,6701;694,4921;335,1227;-62,18266;183,2523;807,6578;-135,7519;444,3464;1064,781;-185,5722;584,5906;1192,442;-228,4689;650,7453;1330,625;-299,4677;717,6496;0;0;0;-4,428148;3,059864;-0,311136;-16,10827;15,37442;-4,634857;-26,04961;25,9906;-8,599161;-33,62202;34,12199;-11,70015;-3,457367;2,854585;-1,052767;-6,484509;7,886409;-6,384373;-11,30104;4,962444;-10,28681;-13,91602;3,42679;-12,53414;-16,02745;2,22516;-14,47391;-2,21014;2,586543;-1,997709;-4,546165;7,442593;-7,803439;-10,49423;12,8442;-14,19353;-13,71574;15,78927;-17,67254;-16,34216;18,20469;-20,55645;-1,075745;2,334147;-2,842426;-2,506256;6,566405;-8,584498;-10,24246;11,19304;-13,29231;-14,55116;13,80301;-15,95306;-18,3506;16,12472;-18,33057;0,025749;2,093553;-3,670692;-0,297546;5,332946;-8,949279;-5,281448;8,433579;-12,1479;-6,219863;12,8417;-11,92188;-4,938125;20,35761;-9,913444;11,04178;14,63077;15,04491;15,98908;16,17532;41,29221;3,09402;1,386351;2,306814;-3,092628;3,614547;3,830526;-8,738465;3,522867;5,233491;5,29065;-7,778721;3,55815;9,961131;9,854009;-10,0874;3,415754;4,591286;5,312716;0,173607;1,256332;0;0;0,42316;0,947084;0;-0,003061;0,618725;-0,003319;0;-0,002232;1,112938;-0,039625;0;0;0,930519;-0,030942;0;-0,002232;91,09724;-5,589294;0;0;27,84004;40,51208;0;-0,367355;5,372997;0,000858;0;-0,267792;43,22433;-1,387882;0,068665;-0,068665;43,78051;-1,443672;105,4876;94,43606
60;960;00:00:01:000;0;0;0;-1,763963;-2,129768;4,226301;-3,600348;-2,887739;8,54912;-5,35681;-3,428776;12,1953;-6,762947;-3,809527;14,95743;-2,206283;-1,406712;3,447921;-8,786922;-1,445184;7,154898;-13,19613;-1,781723;9,658907;-15,49634;-1,82415;11,08257;-17,281;-1,742376;12,28825;-2,782284;-0,502612;2,43431;-9,641047;-0,069456;5,564392;-14,71188;0,715501;7,888722;-17,35272;1,360679;9,282407;-19,41545;2,068446;10,53112;-3,324816;0,264426;1,479639;-9,830584;1,125576;3,741768;-14,28938;1,767759;5,871365;-16,57945;2,497861;7,30217;-18,40376;3,463872;8,787767;-3,841456;1,036382;0,570506;-9,501078;2,312846;1,703864;-13,0979;2,90714;3,268641;-14,87755;3,339182;4,149417;-16,79742;3,991494;5,246546;-46,24413;44,38716;123,7969;16,29904;18,79384;-115,344;19,39311;18,79382;-115,344;20,92694;18,74018;-114,8844;20,92695;18,74018;-114,8844;-46,62411;44,38716;123,7969;-48,46422;42,00351;125,0234;-44,40641;42,55809;125,6817;-39,87747;43,20271;126,7079;-40,04435;43,05341;126,4638;-51,38446;48,38303;117,2292;-49,81462;50,24857;114,1991;-46,13616;48,82525;112,1542;-42,32152;47,77386;110,1792;-42,1434;47,92021;110,4194;-57,85174;52,23386;108,8788;-50,18124;48,13194;113,6388;-41,70387;46,75541;111,582;-35,04485;44,4815;107,0694;-34,82666;44,63628;107,3803;-69,68276;56,4841;94,44528;-52,40288;49,72256;111,0508;-49,13671;48,51161;109,2994;-46,87864;45,87718;105,145;-46,67756;46,08394;105,4246;0;0;0;-105,3102;130,7811;-36,26027;-159,6295;111,2079;-71,63044;-184,5448;87,70946;-90,63046;-196,048;68,08688;-101,0799;-9,798265;84,39297;10,44732;385,0754;89,68298;241,262;637,7332;126,2994;395,3071;769,3607;127,3517;472,1095;871,332;112,6195;528,6313;113,2438;28,04301;71,2702;572,4489;5,034929;334,1082;928,0755;-62,59962;528,118;1114,017;-129,0904;623,6001;1259,797;-208,0538;693,3239;226,1229;-15,8819;128,5563;707,398;-64,56775;399,3245;1014,795;-121,5076;567,3276;1172,839;-204,4673;643,4332;1297,989;-322,838;693,5988;335,0954;-62,20567;183,1098;807,5816;-135,8068;443,9954;1064,626;-185,4084;584,0717;1192,245;-228,1929;650,1494;1330,378;-299,0653;716,9796;0;0;0;-8,068084;0,93627;-2,898216;-28,88631;8,188962;-12,30061;-46,76199;14,28008;-20,7417;-60,41621;18,88311;-27,32635;-6,720275;0,443101;-4,122555;-14,55974;-0,840426;-18,06164;-20,69664;-7,247685;-31,39829;-24,36447;-10,60867;-38,46645;-27,60887;-13,23223;-44,05403;-4,947423;-0,199199;-5,700945;-11,75594;-1,827881;-20,41626;-17,17758;-0,892282;-34,40094;-20,47348;-0,291109;-41,86248;-23,50616;0,277519;-47,79052;-3,2444;-0,804305;-7,154702;-8,397101;-2,62928;-21,29459;-15,17486;-0,079393;-35,27355;-20,11299;-3,493309;-43,94245;-25,94376;-10,06937;-53,60126;-1,639366;-1,380086;-8,554458;-4,571914;-3,298759;-21,05713;-9,258269;9,829759;-31,13937;-11,80458;16,5596;-35,75134;-14,8201;24,1456;-40,20309;11,04659;14,63655;15,04911;15,99524;16,16786;41,32023;3,09402;1,386351;2,302653;-3,083499;3,614547;3,830526;-8,740736;3,522867;5,233491;5,290688;-7,777257;3,558095;9,990426;9,880295;-10,08489;3,368018;4,591286;5,312716;-0,448036;1,681366;0;0;-0,249667;0,547729;0;0;-0,136242;0;0;0,002232;0,087805;-0,003304;1,757698;1,577167;0,15089;-2,864141;0;0;-37,29858;25,50201;0;0;-40,3696;-23,96135;0;0,183678;-45,298;0,199127;0;0,267792;-61,50798;2,179241;105,4619;94,63004;-46,77772;-169,9919;0;0,133896
61;976;00:00:01:016;0;0;0;-1,760011;-2,130526;4,227566;-3,589514;-2,893235;8,552469;-5,340211;-3,438359;12,20081;-6,741995;-3,822238;14,96472;-2,203049;-1,407311;3,449743;-8,780172;-1,446318;7,162948;-13,18609;-1,782077;9,672841;-15,4844;-1,824106;11,09959;-17,26743;-1,742031;12,30767;-2,779988;-0,503004;2,43685;-9,635771;-0,070266;5,573514;-14,70378;0,713042;7,904559;-17,34295;1,357299;9,30182;-19,40421;2,064296;10,55339;-3,323405;0,26423;1,48284;-9,827004;1,125116;3,751297;-14,28322;1,765764;5,886755;-16,57161;2,494964;7,320704;-18,39421;3,460142;8,808932;-3,840888;1,036371;0,574344;-9,4994;2,312765;1,713307;-13,09329;2,908672;3,284182;-14,87125;3,341501;4,167989;-16,78895;3,994647;5,268406;-46,18948;44,3479;123,8336;16,19242;18,80398;-115,3538;19,28649;18,80397;-115,3538;20,82045;18,75115;-114,8941;20,82045;18,75115;-114,8941;-46,56946;44,3479;123,8336;-48,38282;41,95598;125,0654;-44,32506;42,50987;125,7242;-39,79646;43,15343;126,7508;-39,96323;43,00438;126,5066;-51,31929;48,3485;117,2765;-49,72282;50,2013;114,2796;-46,04448;48,78012;112,2331;-42,22945;47,73083;110,2572;-42,05133;47,87691;110,4977;-57,77363;52,20597;108,9391;-50,09327;48,08516;113,7148;-41,61577;46,71077;111,6567;-34,9556;44,44175;107,1424;-34,73748;44,5962;107,4535;-69,58628;56,46902;94,52425;-52,26749;49,68233;111,1258;-49,00279;48,47408;109,3713;-46,74761;45,84618;105,2107;-46,54627;46,0525;105,4908;0;0;0;-105,357;130,7901;-36,27533;-160,0411;111,4643;-71,81377;-185,2727;88,17741;-90,95589;-197,0186;68,71622;-101,5132;-9,835459;84,40273;10,42749;385,0029;89,71642;241,1795;637,5773;126,1712;395,1756;769,1586;127,1371;471,9489;871,0919;112,3362;528,4453;113,2191;28,05374;71,24415;572,3956;5,06974;334,0165;927,8704;-62,55546;528,0084;1113,729;-129,0414;623,4819;1259,441;-208,0009;693,1989;226,1096;-15,87026;128,5244;707,3659;-64,53384;399,23;1014,621;-121,4497;567,2009;1172,542;-204,4587;643,2509;1297,525;-322,9148;693,3455;335,0932;-62,19316;183,0723;807,5726;-135,7756;443,9031;1064,593;-185,3985;584,0386;1192,206;-228,1947;650,1361;1330,337;-299,0814;716,9744;0;0;0;-2,810955;0,540733;-0,903904;-24,69778;15,38658;-10,99992;-43,67423;28,07736;-19,52648;-58,23898;37,75978;-25,99597;-2,231598;0,585437;-1,18956;-4,353046;2,00665;-4,948139;-9,358405;-7,695436;-7,887839;-12,12501;-12,87818;-9,638785;-14,40239;-17,00163;-11,16371;-1,484871;0,64373;-1,563191;-3,195763;2,088681;-5,503177;-12,30812;2,650022;-6,577492;-17,29202;2,941847;-7,095337;-21,34323;3,170013;-7,495879;-0,796795;0,698537;-1,912594;-1,925468;2,034187;-5,670547;-10,39696;3,469706;-7,601737;-17,81845;0,510693;-10,93769;-27,85492;-4,609107;-15,19489;-0,133038;0,750303;-2,245903;-0,543594;1,871824;-5,541801;-1,98555;0,593662;-1,982689;-2,391815;-0,108719;-0,798225;-2,431869;-0,964165;-0,30899;11,05314;14,64386;15,05659;16,00199;16,14692;41,3743;3,09402;1,386351;2,312661;-3,059727;3,614547;3,830577;-8,717468;3,522756;5,233454;5,290613;-7,753904;3,557214;9,990426;9,880275;-10,06761;3,415066;4,591286;5,312679;-1,256218;3,244171;0;0;0,6005;1,426363;0;0,003061;1,396065;-0,00668;-0,00226;-0,004463;1,401214;-0,052829;0;-0,001202;1,036549;2,822871;0;-0,002203;-48,4909;93,7683;0;0;51,01003;52,71806;0;0,183678;91,93839;-0,400829;-0,135613;-0,401688;78,80458;-2,971458;-105,4619;-94,70213;53,1395;341,2207;0;-0,132179
62;992;00:00:01:032;0;0;0;-1,758766;-2,130849;4,227922;-3,592769;-2,899786;8,549815;-5,347314;-3,450269;12,1955;-6,752025;-3,838248;14,95735;-2,202057;-1,407629;3,450248;-8,778216;-1,44728;7,16515;-13,1828;-1,782199;9,677501;-15,48033;-1,82378;11,10552;-17,26268;-1,741347;12,31457;-2,779322;-0,503316;2,437546;-9,634323;-0,071214;5,576003;-14,7015;0,711002;7,909212;-17,34021;1,354671;9,307628;-19,40107;2,061189;10,56012;-3,32304;0,263924;1,483712;-9,826114;1,12424;3,753891;-14,28174;1,764287;5,890755;-16,56829;2,49523;7,326754;-18,38729;3,463324;8,817498;-3,840813;1,03607;0,575386;-9,499121;2,312007;1,715873;-13,09255;2,907327;3,288029;-14,87026;3,339857;4,172482;-16,78767;3,992667;5,273612;-46,17435;44,33742;123,8483;16,22268;18,89506;-115,3146;19,31676;18,89504;-115,3146;20,85148;18,84198;-114,8547;20,85148;18,84198;-114,8547;-46,55432;44,33742;123,8483;-48,34427;41,94191;125,083;-44,28638;42,49546;125,7422;-39,75774;43,13851;126,7692;-39,92453;42,98959;126,5249;-51,30133;48,33932;117,294;-49,69353;50,18577;114,3115;-46,01522;48,76525;112,2645;-42,20003;47,71664;110,2884;-42,02192;47,86266;110,5288;-57,75218;52,19863;108,9601;-50,07164;48,07456;113,7367;-41,53555;46,70068;111,6783;-34,82493;44,43602;107,1601;-34,6065;44,58995;107,4717;-69,55991;56,46517;94,55032;-52,24187;49,67075;111,1525;-48,97726;48,46301;109,3977;-46,72225;45,83635;105,2361;-46,52087;46,04259;105,5163;0;0;0;-105,5942;130,8356;-36,35124;-160,6211;112,2855;-71,8215;-186,1344;89,66886;-90,9331;-198,0908;70,72144;-101,4774;-10,02945;84,43864;10,31814;384,5979;89,78449;240,6965;636,9486;126,0781;394,3446;768,402;126,9593;470,9319;870,2264;112,0918;527,2801;113,0813;28,07721;71,09171;572,0792;5,118382;333,4692;927,321;-62,40817;527,0679;1113,046;-128,8391;622,332;1258,642;-207,7525;691,8817;226,025;-15,85849;128,3324;707,1511;-64,50626;398,6583;1014,234;-121,3295;566,28;1172,028;-204,4507;642,1041;1296,857;-323,127;691,9289;335,0591;-62,19254;182,8421;807,472;-135,7708;443,3365;1064,292;-185,4898;583,1107;1191,79;-228,3329;649,0286;1329,777;-299,2693;715,6721;0;0;0;-14,2293;2,72727;-4,55439;-34,80005;49,27182;-0,463843;-51,6994;89,48671;1,367926;-64,33295;120,3132;2,145767;-11,63945;2,15435;-6,560683;-24,29867;4,08411;-28,98216;-37,71686;-5,58114;-49,85904;-45,39299;-10,66947;-61,01703;-51,93329;-14,65916;-69,91195;-8,264779;1,408338;-9,146332;-18,99147;2,918534;-32,83882;-32,9647;8,837341;-56,43082;-40,99846;12,14003;-68,98784;-47,94502;14,90736;-79,03575;-5,078315;0,706136;-11,52205;-12,88605;1,655459;-34,30223;-23,25439;7,212638;-55,25494;-30,84755;0,479221;-68,80187;-40,07721;-12,73727;-84,99812;-2,047062;0,037551;-13,81445;-6,031036;0,29254;-33,99467;-18,08739;-5,478143;-55,67551;-24,95384;-8,292674;-66,45297;-33,61702;-11,27672;-78,13739;11,0388;14,63343;15,04626;15,99412;16,01768;41,33906;3,094084;1,38621;2,317142;-3,038218;3,614547;3,830526;-8,706669;3,522701;5,233454;5,29065;-7,750461;3,556994;10,04902;9,932899;-10,06146;3,414837;4,591286;5,312716;-7,754058;-2,114639;0,003791;-0,008469;0,268865;1,29055;0;-0,003061;0,647964;-0,003333;0;0,002232;0,206595;-0,013218;3,515453;3,157425;0,369358;-0,013762;0;0,002203;-389,8704;-321,5286;0,227451;-0,508118;-19,89812;-8,148766;0;-0,367355;-44,88601;0,200844;0,135613;0,401688;-71,6772;2,376652;210,9272;189,5176;-40,03143;-170,1979;0;0,264359
63;1008;00:00:01:048;0;0;0;-1,757202;-2,13115;4,228421;-3,588995;-2,901309;8,551034;-5,341696;-3,452868;12,19744;-6,745018;-3,841676;14,95988;-2,200816;-1,407954;3,450907;-8,775794;-1,448394;7,167892;-13,17916;-1,78262;9,682473;-15,47555;-1,822718;11,11235;-17,25655;-1,738299;12,32327;-2,778497;-0,503673;2,438413;-9,632548;-0,072374;5,579054;-14,69901;0,709116;7,914068;-17,33731;1,352399;9,313432;-19,39782;2,058609;10,56668;-3,322598;0,263536;1,484773;-9,825042;1,123111;3,757037;-14,27996;1,762401;5,895614;-16,56607;2,492938;7,332517;-18,38465;3,460688;8,823999;-3,840739;1,035654;0,576632;-9,498819;2,310969;1,718948;-13,09169;2,905555;3,292657;-14,8691;3,337713;4,17789;-16,78616;3,990113;5,279875;-46,15449;44,32599;123,8681;16,19175;18,89346;-115,3125;19,28583;18,89344;-115,3125;20,82054;18,84061;-114,8525;20,82054;18,84061;-114,8525;-46,53448;44,32598;123,8681;-48,30831;41,93031;125,1014;-44,22099;42,48355;125,7609;-39,6656;43,12573;126,7887;-39,83252;42,9771;126,5442;-51,27813;48,32956;117,3173;-49,66658;50,17535;114,3393;-45,98849;48,75544;112,2917;-42,17336;47,70745;110,3152;-41,99522;47,8534;110,5558;-57,725;52,19122;108,9876;-50,04397;48,06298;113,7655;-41,50801;46,68978;111,7065;-34,79736;44,42664;107,1877;-34,57892;44,58045;107,4993;-69,52737;56,46214;94,58342;-52,20955;49,65812;111,187;-48,94514;48,45101;109,4315;-46,69051;45,82594;105,2687;-46,48908;46,03207;105,5491;0;0;0;-105,6689;130,855;-36,37259;-160,4831;112,7042;-71,6971;-185,8166;90,43052;-90,67681;-197,6368;71,7452;-101,1176;-10,08899;84,45774;10,28788;384,4806;89,84218;240,5643;636,7501;125,9935;394,0699;768,1559;126,7157;470,5797;869,9399;111,6626;526,8567;113,0414;28,09595;71,04997;571,9922;5,175272;333,3199;927,1708;-62,28585;526,7907;1112,861;-128,6814;621,9867;1258,427;-207,5661;691,4818;226,0031;-15,8401;128,28;707,0977;-64,45367;398,5026;1014,122;-121,2402;566,0432;1171,794;-204,4657;641,746;1296,395;-323,3166;691,4211;335,0546;-62,17448;182,7796;807,4551;-135,7253;443,1825;1064,217;-185,4083;582,8852;1191,684;-228,2332;648,7674;1329,635;-299,149;715,3713;0;0;0;-4,481792;1,163006;-1,280665;8,278369;25,1205;7,464408;19,068;45,69947;15,37728;27,24338;61,4258;21,59214;-3,572702;1,146555;-1,815855;-7,039547;3,461123;-7,927894;-11,91044;-5,079031;-16,48521;-14,7686;-14,61625;-21,13437;-17,18902;-25,75278;-25,40302;-2,398252;1,124561;-2,504468;-5,212783;3,413402;-8,960723;-9,006499;7,338881;-16,62826;-11,11793;9,456395;-20,71953;-12,90894;11,17945;-23,98968;-1,31464;1,103371;-3,139257;-3,207207;3,155351;-9,342669;-6,68335;5,35798;-14,21356;-14,06479;-0,8955;-21,492;-27,70615;-11,374;-30,46703;-0,268936;1,083612;-3,750801;-1,012802;2,727985;-9,238242;-4,520416;4,885196;-13,52692;-6,362915;5,983829;-15,67268;-8,491515;7,21979;-18,04733;11,03939;14,63581;15,04841;15,99575;16,01398;41,35283;3,09402;1,386351;2,316973;-3,0209;3,64395;3,856966;-8,704367;3,522701;5,233491;5,29065;-7,746078;3,556884;10,049;9,932918;-10,05393;3,414607;4,591286;5,312679;-0,22213;0,826035;-0,003791;0,008469;-0,010142;1,039038;1,764192;1,586394;0,13813;0;0,00226;0;0,262928;-0,006595;-0,001202;0,001144;0,451698;-0,013762;0;-0,002203;451,9157;176,4404;-0,454903;1,016235;-16,74042;-15,09074;105,8515;95,36732;-30,59005;0,199986;0,135613;-0,133896;3,380013;0,397396;-210,9993;-189,3768;4,940414;0;0;-0,264359
64;1024;00:00:01:064;0;0;0;-1,752534;-2,131673;4,230094;-3,57955;-2,905375;8,554095;-5,328279;-3,460049;12,20194;-6,728612;-3,851264;14,96555;-2,197107;-1,408618;3,452998;-8,768543;-1,451068;7,17622;-13,16885;-1,785096;9,696165;-15,46395;-1,82618;11,12811;-17,24423;-1,743335;12,34017;-2,776027;-0,504519;2,44105;-9,627228;-0,075319;5,588191;-14,69151;0,704164;7,928605;-17,32857;1,346395;9,330791;-19,38801;2,051775;10,58625;-3,321268;0,262518;1,487923;-9,821818;1,120098;3,766352;-14,27456;1,757256;5,910087;-16,55935;2,486667;7,349671;-18,37663;3,453494;8,843322;-3,840509;1,034472;0,580271;-9,497895;2,308048;1,72795;-13,0894;2,901395;3,305238;-14,86607;3,332939;4,192245;-16,78226;3,984674;5,296144;-46,09127;44,29588;123,93;16,12272;18,89809;-115,2998;19,2168;18,89808;-115,2998;20,75158;18,84578;-114,8397;20,75158;18,84579;-114,8397;-46,47124;44,29587;123,93;-48,22492;41,89841;125,16;-44,16666;42,45094;125,8203;-39,63789;43,09242;126,8484;-39,8047;42,94387;126,6039;-51,20538;48,30482;117,3893;-49,58192;50,14798;114,4258;-45,90482;48,73004;112,3762;-42,09012;47,68398;110,3983;-41,91192;47,82967;110,639;-57,64106;52,17372;109,0715;-49,95712;48,03194;113,8552;-41,42182;46,66086;111,7943;-34,71163;44,40247;107,2727;-34,49316;44,55596;107,5845;-69,42928;56,45798;94,68284;-52,12809;49,63663;111,2685;-48,86469;48,43115;109,5111;-46,61205;45,81001;105,3443;-46,41044;46,01587;105,625;0;0;0;-105,7627;130,873;-36,40253;-160,8122;112,9433;-71,80344;-186,3471;90,86032;-90,85124;-198,321;72,32097;-101,3449;-10,16347;84,47726;10,24834;384,3352;89,90905;240,3998;636,5235;125,8975;393,7775;767,8575;126,5492;470,1758;869,556;111,4508;526,3463;112,9918;28,11741;70,99795;571,8858;5,244857;333,1368;926,9752;-62,1729;526,5064;1112,615;-128,5455;621,6493;1258,14;-207,4118;691,1025;225,9766;-15,81683;128,2164;707,0334;-64,38591;398,3138;1013,941;-121,1249;565,7617;1171,545;-204,3247;641,416;1296,084;-323,154;691,0513;335,0501;-62,14947;182,7048;807,4371;-135,663;442,9981;1064,152;-185,3017;582,6099;1191,594;-228,1041;648,4465;1329,517;-298,9951;715,0005;0;0;0;-5,630493;1,082897;-1,79708;-19,74463;14,34731;-6,380796;-31,83031;25,78819;-10,46598;-41,05138;34,54613;-13,64207;-4,46856;1,171231;-2,372414;-8,723258;4,012227;-9,870528;-13,59844;-5,759239;-17,5395;-17,90428;-9,991406;-24,23572;-23,03123;-12,70795;-30,62725;-2,971887;1,287281;-3,121376;-6,385803;4,175104;-10,9849;-11,74164;6,777406;-17,05742;-14,71138;8,159636;-20,2446;-17,19475;9,26113;-22,75657;-1,592159;1,39609;-3,819465;-3,856658;4,065513;-11,32393;-10,9005;6,920099;-16,88862;-14,9517;8,460044;-19,79828;-18,62526;9,760379;-22,19295;-0,266075;1,500249;-4,486799;-1,081467;3,739357;-11,06644;-3,902435;6,399393;-16,51668;-5,378723;7,744788;-19,25468;-7,106781;9,235381;-22,24731;11,04148;14,63846;15,0505;15,99923;15,98131;41,37391;3,094084;1,386351;2,318071;-2,998069;3,614547;3,830577;-8,696465;3,522645;5,233491;5,29065;-7,731648;3,556333;10,049;9,932899;-10,05062;3,414493;4,591286;5,312716;-1,960487;1,264801;0,003791;0;0,065875;1,369901;-1,764192;-1,583333;0,474072;-0,003333;0;0;0,865831;-0,033045;0;-0,001144;0,198383;-0,006881;0;0,002203;-104,3014;26,32598;0,454903;-0,508118;4,561042;19,85177;-211,7031;-190,1836;20,15648;-0,199986;-0,135613;0;36,1742;-1,587009;0,072098;-0,137329;-15,1989;0,412846;0;0,264359
65;1040;00:00:01:080;0;0;0;-1,751869;-2,131367;4,230523;-3,575994;-2,905975;8,555582;-5,322292;-3,461426;12,20447;-6,720783;-3,853234;14,96894;-2,196529;-1,408287;3,453501;-8,767185;-1,449933;7,17811;-13,16663;-1,782312;9,699786;-15,46118;-1,822519;11,13261;-17,24098;-1,738978;12,34535;-2,775567;-0,504155;2,441649;-9,62606;-0,074138;5,590221;-14,68954;0,705464;7,932319;-17,32611;1,347751;9,33539;-19,38512;2,053171;10,59154;-3,320926;0,262913;1,488615;-9,820905;1,121249;3,768389;-14,27298;1,75861;5,913445;-16,5573;2,488123;7,353712;-18,3741;3,455026;8,847908;-3,840276;1,034897;0,581051;-9,497285;2,309107;1,729885;-13,0883;2,902635;3,308225;-14,86469;3,334267;4,195751;-16,78052;3,986096;5,300213;-46,07601;44,29047;123,9345;16,08201;18,89148;-115,3094;19,17608;18,89146;-115,3094;20,71081;18,83947;-114,8493;20,71082;18,83947;-114,8493;-46,456;44,29047;123,9345;-48,19435;41,89265;125,1638;-44,13592;42,44493;125,8244;-39,60698;43,08599;126,8528;-39,77382;42,93754;126,6082;-51,18814;48,30069;117,3961;-49,55599;50,13897;114,4438;-45,87915;48,72163;112,3935;-42,06455;47,67613;110,4153;-41,88633;47,82178;110,656;-57,62161;52,17131;109,0808;-49,93436;48,02456;113,8692;-41,39926;46,65402;111,8078;-34,68927;44,39688;107,2855;-34,47078;44,55028;107,5973;-69,40727;56,45863;94,6951;-52,10434;49,63016;111,2835;-48,84122;48,42517;109,5256;-46,58915;45,80517;105,3577;-46,38749;46,01095;105,6385;0;0;0;-106,0428;130,9044;-36,5029;-161,4992;113,1896;-72,07507;-187,3795;91,29405;-91,27883;-199,6158;72,89892;-101,8947;-10,38598;84,51707;10,12284;383,9002;90,06949;239,9001;635,9025;125,9613;392,9604;767,157;126,6269;469,2341;868,8122;111,5871;525,3331;112,8437;28,16816;70,83974;571,5666;5,421565;332,5886;926,4754;-61,87602;525,6418;1112,014;-128,1855;620,6194;1257,454;-207,0022;689,943;225,8968;-15,75576;128,0274;706,84;-64,20517;397,7549;1013,585;-120,8152;564,8977;1171,091;-203,947;640,3934;1295,538;-322,7204;689,9005;335,0364;-62,07859;182,4865;807,3817;-135,4877;442,4579;1063,99;-185,0515;581,8594;1191,376;-227,8168;647,5916;1329,233;-298,6675;714,0332;0;0;0;-16,80493;1,883983;-6,021559;-41,21875;14,77861;-16,2971;-61,94257;26,02386;-25,65551;-77,68749;34,67702;-32,98545;-13,3507;2,388596;-7,530301;-26,10111;9,626626;-29,98209;-37,25624;3,828763;-49,03078;-42,03128;4,664182;-56,49662;-44,63195;8,176087;-60,78815;-8,889913;3,045022;-9,492516;-19,15455;10,60244;-32,89032;-29,98352;17,81237;-51,87607;-36,06605;21,59571;-61,79237;-41,193;24,57619;-69,57435;-4,78506;3,664076;-11,34038;-11,60717;10,84435;-33,53262;-21,37184;18,58091;-51,83887;-27,20261;22,6593;-61,35749;-32,75871;26,01099;-69,04792;-0,826836;4,252553;-13,10134;-3,324509;10,51497;-32,40966;-9,687423;15,00892;-45,03536;-13,07487;17,23766;-51,28956;-17,04025;19,65236;-58,0387;11,04662;14,64352;15,05581;16,0043;15,98671;41,40461;3,09402;1,386351;2,31824;-2,982094;3,614547;3,830526;-8,687968;3,522645;5,233454;5,29065;-7,725426;3,556113;10,04902;9,932918;-10,04475;3,414263;4,591286;5,312679;0,324326;1,842041;-0,003791;0;0,010142;0,958486;0;-0,003061;0,509834;0;-0,00226;0;0,373306;-0,013204;0,001202;0,001144;0,352364;-0,013762;0;-0,002203;137,0888;34,6344;-0,454903;0;-3,343964;-24,6849;105,8515;94,81629;2,145769;0,199986;-0,135613;0;-29,5515;1,190472;0,072098;0,137329;9,238814;-0,412846;0;-0,264359
66;1056;00:00:01:096;0;0;0;-1,749359;-2,131487;4,231502;-3,570712;-2,90719;8,557533;-5,314689;-3,463603;12,20739;-6,711428;-3,856155;14,97263;-2,194509;-1,408449;3,454719;-8,763111;-1,450626;7,182944;-13,16119;-1,781989;9,707132;-15,45495;-1,821647;11,14125;-17,23405;-1,737665;12,35496;-2,774179;-0,504373;2,44318;-9,622974;-0,074914;5,59552;-14,685;0,703773;7,941061;-17,32142;1,344382;9,345193;-19,38096;2,047627;10,60169;-3,320129;0,262643;1,490442;-9,818924;1,120445;3,773787;-14,26971;1,757076;5,921737;-16,55321;2,486202;7,363503;-18,36918;3,452785;8,858905;-3,840043;1,034576;0,583158;-9,496528;2,308316;1,735099;-13,08657;2,901154;3,315913;-14,86243;3,332439;4,204669;-16,77762;3,983886;5,310469;-46,03917;44,27317;123,9651;16,04424;18,88563;-115,3109;19,13831;18,88561;-115,3109;20,67302;18,83391;-114,8508;20,67303;18,8339;-114,8508;-46,41915;44,27318;123,9651;-48,15221;41,88154;125,1838;-44,09359;42,43344;125,8449;-39,56449;43,07396;126,8738;-39,73138;42,92563;126,6291;-51,1458;48,28651;117,4325;-49,50299;50,12057;114,4936;-45,856;48,70444;112,442;-42,06735;47,65951;110,4638;-41,88924;47,80515;110,7045;-57,57281;52,16134;109,1242;-49,88514;48,00767;113,9142;-41,35045;46,63832;111,8517;-34,6408;44,38387;107,3278;-34,42229;44,53708;107,6397;-69,35032;56,4564;94,7474;-52,0499;49,61323;111,3347;-48,78734;48,40933;109,5756;-46,53634;45,79196;105,4053;-46,33459;45,99757;105,6862;0;0;0;-106,0827;130,8861;-36,52864;-161,7534;113,2678;-72,18231;-187,8157;91,45468;-91,46283;-200,1906;73,12245;-102,1395;-10,42065;84,49719;10,0927;383,8187;90,00138;239,7867;635,8154;125,7262;392,7485;767,0626;126,303;468,9698;868,7083;111,1927;525,0272;112,816;28,14631;70,80379;571,4965;5,350669;332,4668;926,3063;-61,9542;525,4268;1111,793;-128,1746;620,369;1257,196;-206,8518;689,6884;225,8763;-15,77947;127,9858;706,7852;-64,27422;397,6327;1013,454;-120,8954;564,701;1170,913;-204,0328;640,1584;1295,314;-322,8102;689,6349;335,0224;-62,10406;182,4397;807,345;-135,5513;442,3419;1063,885;-185,125;581,6871;1191,234;-227,8951;647,3917;1329,048;-298,7509;713,8035;0;0;0;-2,39253;-1,102209;-1,544952;-15,2514;4,688501;-6,434798;-26,17335;9,63807;-11,03997;-34,49035;13,41212;-14,68777;-2,080053;-1,192689;-1,807809;-4,889488;-4,086613;-6,802082;-5,229949;-14,10341;-12,71296;-5,664825;-19,43493;-15,86151;-6,231308;-23,66495;-18,35918;-1,658678;-1,311064;-2,156496;-4,208564;-4,253715;-7,308482;-10,14519;-4,690647;-12,90035;-13,24654;0,655174;-15,02609;-15,46097;9,025096;-15,275;-1,23024;-1,422733;-2,491951;-3,287315;-4,142761;-7,334231;-7,816314;-4,812955;-11,80172;-10,67734;-5,144119;-14,09912;-13,49258;-5,385875;-15,93017;-0,83828;-1,528144;-2,806663;-2,202987;-3,811597;-6,96373;-6,299973;-4,40669;-10,33687;-8,508681;-4,694938;-11,99913;-11,11793;-5,002498;-13,78441;11,04834;14,64503;15,05661;16,00474;15,97796;41,41358;3,093957;1,38621;2,309189;-2,969265;3,614601;3,830577;-8,679236;3,522589;5,204206;5,264289;-7,718538;3,555838;10,049;9,932899;-10,03525;3,413977;4,591286;5,312716;-0,525341;0,53833;-0,003805;-0,008469;-0,543094;0,769701;0,003262;0,003061;0,523911;-0,003333;-1,754866;-1,581688;0,413275;-0,016522;-0,001202;-0,001144;0,57003;-0,017195;0;0,002203;-50,97999;-78,22265;-0,000858;-0,508118;-33,19416;-11,32708;0,195694;0,367355;0,844574;-0,199986;-105,1563;-94,90126;2,398109;-0,199127;-0,144196;-0,137329;13,06;-0,205994;0;0,264359
67;1072;00:00:01:112;0;0;0;-1,749359;-2,131487;4,231502;-3,570712;-2,90719;8,557533;-5,314689;-3,463603;12,20739;-6,711428;-3,856155;14,97263;-2,194509;-1,408449;3,454719;-8,763111;-1,450626;7,182944;-13,16119;-1,781989;9,707132;-15,45495;-1,821647;11,14125;-17,23405;-1,737665;12,35496;-2,774179;-0,504373;2,44318;-9,622974;-0,074914;5,59552;-14,685;0,703773;7,941061;-17,32142;1,344382;9,345193;-19,38096;2,047627;10,60169;-3,320129;0,262643;1,490442;-9,818924;1,120445;3,773787;-14,26971;1,757076;5,921737;-16,55321;2,486202;7,363503;-18,36918;3,452785;8,858905;-3,840043;1,034576;0,583158;-9,496528;2,308316;1,735099;-13,08657;2,901154;3,315913;-14,86243;3,332439;4,204669;-16,77762;3,983886;5,310469;-46,03917;44,27317;123,9651;16,04424;18,88563;-115,3109;19,13831;18,88561;-115,3109;20,67302;18,83391;-114,8508;20,67303;18,8339;-114,8508;-46,41915;44,27318;123,9651;-48,15221;41,88154;125,1838;-44,09359;42,43344;125,8449;-39,56449;43,07396;126,8738;-39,73138;42,92563;126,6291;-51,1458;48,28651;117,4325;-49,50299;50,12057;114,4936;-45,856;48,70444;112,442;-42,06735;47,65951;110,4638;-41,88924;47,80515;110,7045;-57,57281;52,16134;109,1242;-49,88514;48,00767;113,9142;-41,35045;46,63832;111,8517;-34,6408;44,38387;107,3278;-34,42229;44,53708;107,6397;-69,35032;56,4564;94,7474;-52,0499;49,61323;111,3347;-48,78734;48,40933;109,5756;-46,53634;45,79196;105,4053;-46,33459;45,99757;105,6862;0;0;0;-106,2332;130,8933;-36,58734;-162,0703;113,3407;-72,29939;-188,2719;91,58533;-91,63754;-200,7519;73,29774;-102,3612;-10,54189;84,50697;10,01961;383,5742;90,04297;239,4967;635,489;125,7069;392,3077;766,6885;126,2507;468,4516;868,2928;111,1139;524,4501;112,7328;28,15941;70,71194;571,3113;5,397238;332,1488;926,0342;-61,8528;524,9023;1111,512;-127,9725;619,7808;1256,946;-206,5191;689,0793;225,8284;-15,76323;127,8762;706,6663;-64,22594;397,3088;1013,258;-120,8034;564,2035;1170,668;-203,9175;639,5709;1295,019;-322,6757;688,9751;335,0084;-62,08484;182,3132;807,2996;-135,5038;442,029;1063,781;-185,0361;581,2258;1191,099;-227,7854;646,8565;1328,873;-298,6183;713,1881;0;0;0;-9,03511;0,433445;-3,52174;-19,0165;4,375219;-7,024527;-27,37141;7,838844;-10,48207;-33,67853;10,51712;-13,30376;-7,27415;0,586152;-4,385411;-14,66846;2,495527;-17,40217;-19,58084;-1,161575;-26,4473;-22,44472;-3,137112;-31,08787;-24,93095;-4,725694;-34,6241;-4,99463;0,786066;-5,511045;-11,10649;2,794102;-19,0773;-16,325;6,083965;-31,46839;-16,90292;12,12501;-35,29358;-14,99176;19,95849;-36,54384;-2,872467;0,974446;-6,575346;-7,129669;2,896785;-19,43493;-11,78169;5,522489;-29,84905;-14,73999;6,915092;-35,25066;-17,68684;8,069514;-39,59083;-0,83828;1,15335;-7,586717;-2,723694;2,846718;-18,77117;-6,23703;5,332231;-27,67754;-8,14247;6,581783;-32,10926;-10,46562;7,955073;-36,9215;11,04834;14,64503;15,05661;16,00474;15,97796;41,41358;3,093957;1,38621;2,309189;-2,969265;3,614601;3,830577;-8,679236;3,522589;5,204206;5,264289;-7,718538;3,555838;10,049;9,932899;-10,03525;3,413977;4,591286;5,312716;0;0;0;0;0;0;0;0;0;0;0;0;0;0;0;0;0;0;0;0;31,52046;-32,2998;0,22831;0,508118;32,58562;-46,18205;-0,195694;-0,183678;-31,43463;0,199986;105,2919;94,90126;-24,79648;0,991344;0,072098;0,068665;-34,20181;1,031685;0;-0,132179
68;1088;00:00:01:128;0;0;0;-1,745121;-2,130783;4,233605;-3,561246;-2,907735;8,56161;-5,300849;-3,465284;12,21338;-6,694283;-3,858727;14,98016;-2,191105;-1,408007;3,457059;-8,756286;-1,450432;7,191299;-13,15191;-1,776579;9,720444;-15,44416;-1,81342;11,15703;-17,22191;-1,72717;12,37257;-2,771856;-0,504272;2,445835;-9,617838;-0,075246;5,604335;-14,67799;0,703425;7,953926;-17,3133;1,344073;9,360101;-19,37188;2,047393;10,61814;-3,318809;0,262423;1,493415;-9,81566;1,119645;3,782499;-14,26412;1,754984;5,935624;-16,54543;2,484524;7,380645;-18,35835;3,452252;8,879016;-3,839685;1,034052;0,586424;-9,495332;2,307088;1,743234;-13,08391;2,899383;3,327566;-14,85852;3,331201;4,218554;-16,77158;3,983993;5,327238;-45,96788;44,25517;124,0247;15,97872;18,86417;-115,3096;19,07281;18,86416;-115,3096;20,60735;18,81294;-114,8495;20,60734;18,81294;-114,8495;-46,34786;44,25517;124,0247;-48,04863;41,88495;125,2122;-43,98905;42,43597;125,8746;-39,45884;43,07509;126,9051;-39,62599;42,92711;126,66;-51,06651;48,27444;117,5016;-49,4246;50,11461;114,5611;-45,77956;48,7003;112,5068;-41,99231;47,65709;110,5266;-41,814;47,80251;110,7676;-57,48485;52,157;109,2036;-49,7888;47,98628;114,0056;-41,22621;46,61928;111,9405;-34,49332;44,37161;107,411;-34,27453;44,52425;107,7234;-69,25378;56,46559;94,83777;-51,96034;49,60242;111,4164;-48,67015;48,40031;109,6549;-46,39774;45,78865;105,4773;-46,19552;45,99377;105,759;0;0;0;-106,2332;130,8933;-36,58734;-162,1729;113,4114;-72,35487;-188,4656;91,71577;-91,73624;-201,0162;73,47348;-102,4916;-10,54189;84,50697;10,01961;383,5742;90,04297;239,4967;635,6425;125,4193;392,3284;766,9243;125,8098;468,4738;868,5948;110,5512;524,4653;112,7328;28,15941;70,71194;571,3113;5,397238;332,1488;926,0647;-61,85266;524,8976;1111,559;-127,9723;619,7736;1257,007;-206,5189;689,0701;225,8284;-15,76323;127,8762;706,6663;-64,22594;397,3088;1013,157;-120,8004;564,2171;1170,504;-203,9962;639,5726;1294,785;-322,8882;688,9261;335,0084;-62,08484;182,3132;807,2996;-135,5038;442,029;1063,752;-185,0354;581,231;1191,05;-227,846;646,8564;1328,791;-298,8088;713,1625;0;0;0;0;0;0;-6,156206;4,243612;-3,3288;-11,62219;7,82597;-5,922317;-15,85865;10,5443;-7,821321;0;0;0;0;0;0;9,206771;-17,25626;1,244545;14,15062;-26,45516;1,330376;18,12172;-33,76007;0,912666;0;0;0;0;0;0;1,825332;0,008583;-0,286102;2,815246;0,01359;-0,429153;3,627777;0,015736;-0,552177;0;0;0;0;0;0;-6,036758;0,177383;0,815392;-9,853362;-4,720687;0,102997;-14,03618;-12,74729;-2,93827;0;0;0;0;0;0;-1,745224;0,041485;0,311852;-2,929687;-3,63779;-0,008583;-4,915237;-11,42836;-1,53923;11,05324;14,65028;15,05738;16,00747;15,96499;41,43737;3,094084;1,38621;2,279073;-2,915039;3,614601;3,830526;-8,684464;3,522589;5,204168;5,264289;-7,699088;3,555122;10,07829;9,959255;-10,02811;3,41369;4,620545;5,339059;-0,778141;1,427536;0,007596;0;-1,806965;3,253569;0;-0,003061;-0,313625;0;-0,00226;0;1,16704;-0,042944;1,757755;1,581402;0,428123;-0,017209;1,755552;1,580601;-46,68845;85,65215;0,455761;0;-108,4179;195,2142;0;-0,183678;-18,81752;0;-0,135613;0;70,02238;-2,576637;105,4653;94,88409;25,6874;-1,032543;105,3331;94,83603
69;1104;00:00:01:144;0;0;0;-1,743873;-2,131106;4,233957;-3,558663;-2,909211;8,562314;-5,297157;-3,467766;12,21446;-6,689756;-3,86198;14,98155;-2,19011;-1,408325;3,45756;-8,754322;-1,451393;7,193497;-13,14908;-1,777277;9,724176;-15,44084;-1,813978;11,16156;-17,21816;-1,727616;12,37772;-2,771188;-0,504584;2,446529;-9,616384;-0,076194;5,60682;-14,6758;0,701596;7,958294;-17,31001;1,342964;9,366215;-19,36695;2,047688;10,62613;-3,318442;0,262117;1,494285;-9,814764;1,118769;3,785091;-14,26276;1,753779;5,939289;-16,54377;2,48314;7,384873;-18,35639;3,450712;8,883706;-3,839609;1,033751;0,587466;-9,495049;2,30633;1,745798;-13,08314;2,897975;3,331491;-14,85748;3,329462;4,223164;-16,77023;3,981884;5,332605;-45,95282;44,24465;124,0393;15,95818;18,86774;-115,3074;19,05226;18,86773;-115,3074;20,58683;18,81667;-114,8473;20,58683;18,81667;-114,8473;-46,3328;44,24464;124,0394;-48,02559;41,87477;125,225;-43,96597;42,4256;125,8877;-39,43576;43,06441;126,9183;-39,60291;42,91651;126,6732;-51,04861;48,26519;117,519;-49,39882;50,10133;114,5884;-45,7245;48,68762;112,5337;-41,91136;47,64569;110,5525;-41,7329;47,79089;110,7937;-57,46347;52,14959;109,2245;-49,77164;47,97888;114,0216;-41,20911;46,6123;111,9562;-34,47617;44,36559;107,4262;-34,25735;44,51817;107,7387;-69,22744;56,46167;94,86381;-51,93348;49,58982;111,4449;-48,64333;48,38825;109,6829;-46,37103;45,77791;105,5045;-46,16876;45,98294;105,7862;0;0;0;-106,4875;130,851;-36,71356;-162,7705;113,4835;-72,61008;-189,3518;91,88963;-92,1142;-202,1209;73,72646;-102,9675;-10,74609;84,48041;9,879201;383,1647;90,0313;238,9954;635,0884;125,0451;391,5324;766,2819;125,2402;467,5291;867,8725;109,8245;523,4095;112,5934;28,1533;70,55261;571,0032;5,417145;331,62;925,6022;-61,83192;524,1321;1111,003;-128,0467;618,8755;1256,363;-206,7398;688,0481;225,7493;-15,75008;127,6978;706,4705;-64,178;396,7861;1012,831;-120,6752;563,3827;1170,051;-203,8958;638,5424;1294,153;-322,8567;687,717;334,9869;-62,05334;182,1173;807,2279;-135,4301;441,5409;1063,561;-184,9284;580,5373;1190,768;-227,7706;646,0317;1328,364;-298,8137;712,1679;0;0;0;-15,25783;-2,536297;-7,573306;-35,85291;4,327297;-15,31255;-53,17497;10,43165;-22,6779;-66,28275;15,1788;-28,55515;-12,25233;-1,59359;-8,424818;-24,56903;-0,700235;-30,07793;-33,24222;-22,45116;-47,75905;-38,5437;-34,17706;-56,68259;-43,33877;-43,60413;-63,34876;-8,362769;-0,36639;-9,560107;-18,49079;1,19441;-31,73303;-27,7462;1,244187;-45,92514;-33,35952;-4,463195;-53,88737;-38,64097;-13,25655;-61,32316;-4,750728;0,789017;-10,7038;-11,75308;2,876043;-31,35967;-19,57512;7,516622;-50,06504;-27,174;6,021022;-61,81239;-37,93716;1,886844;-72,54695;-1,288891;1,889705;-11,75737;-4,302978;4,42171;-29,28543;-11,45553;6,420135;-41,62216;-16,90864;4,524707;-49,48139;-25,64621;-0,294685;-59,67235;11,05363;14,64941;15,05886;16,00763;15,95638;41,44356;3,09402;1,38621;2,2783;-2,905758;3,614601;3,830577;-8,677313;3,522589;5,233491;5,29065;-7,700795;3,555177;10,07829;9,959234;-10,02048;3,413403;4,620588;5,339022;-0,516472;0,371475;-0,003791;0;-0,046377;0,556898;0;0,003061;0,429039;0;1,759386;1,581688;-0,102453;0,003304;0;-0,001259;0,457935;-0,017223;0,002575;-0,002203;15,70014;-63,36364;-0,683212;0;105,6352;-161,8003;0;0,367355;44,55985;0;105,6988;94,90126;-76,16957;2,774906;-105,4653;-94,95963;1,788711;-0,000858;-105,1786;-94,96821
70;1120;00:00:01:160;0;0;0;-1,742641;-2,131955;4,234037;-3,555878;-2,912922;8,562531;-5,293093;-3,473961;12,2149;-6,684733;-3,870083;14,9822;-2,189147;-1,409117;3,457846;-8,752511;-1,453584;7,19526;-13,14651;-1,779942;9,727183;-15,43786;-1,816902;11,16523;-17,21483;-1,73075;12,38191;-2,77057;-0,505302;2,44708;-9,615107;-0,078263;5,60898;-14,67385;0,698009;7,962392;-17,3077;1,33855;9,371367;-19,36435;2,042596;10,63215;-3,318138;0,261468;1,495073;-9,814054;1,116942;3,787472;-14,26136;1,75043;5,943532;-16,5405;2,481008;7,391458;-18,34949;3,451024;8,893078;-3,83961;1,033168;0,588485;-9,494953;2,304845;1,748282;-13,08262;2,895445;3,335309;-14,85675;3,326393;4,227672;-16,76926;3,978205;5,337892;-45,94444;44,23042;124,0526;15,92835;18,88741;-115,2978;19,02242;18,88739;-115,2978;20,55718;18,83657;-114,8376;20,55717;18,83656;-114,8376;-46,32443;44,23042;124,0526;-48,01164;41,86064;125,2373;-43,95213;42,41134;125,9;-39,42215;43,04997;126,9306;-39,58921;42,90209;126,6855;-51,03723;48,25174;117,535;-49,37777;50,08241;114,6164;-45,70304;48,66921;112,5616;-41,8894;47,62776;110,5806;-41,71098;47,77291;110,8218;-57,44809;52,13736;109,2441;-49,74907;47,95824;114,0518;-41,12744;46,59222;111,9864;-34,34297;44,35001;107,4533;-34,12395;44,50207;107,7662;-69,20542;56,45216;94,88956;-51,91193;49,57211;111,473;-48,6215;48,37099;109,7109;-46,34849;45,76174;105,5323;-46,14627;45,96669;105,8141;0;0;0;-106,5624;130,8704;-36,73468;-163,0011;113,6646;-72,68174;-189,7161;92,21002;-92,23066;-202,5873;74,15325;-103,1186;-10,80581;84,49951;9,84916;383,0469;90,08899;238,8635;634,9196;125,0527;391,3102;766,0837;125,2211;467,259;867,6492;109,7842;523,1013;112,5533;28,17204;70,51102;570,9159;5,474035;331,4709;925,4181;-61,72242;523,8781;1110,724;-127,9805;618,5209;1255,963;-206,758;687,5847;225,7272;-15,73169;127,6456;706,4167;-64,1254;396,6306;1012,688;-120,6011;563,1711;1169,839;-203,9765;638,2628;1293,851;-323,1974;687,2994;334,9824;-62,0353;182,0548;807,2109;-135,3846;441,3871;1063,481;-184,8431;580,3077;1190,654;-227,665;645,7642;1328,212;-298,6854;711,8585;0;0;0;-4,492521;1,163721;-1,267254;-13,83877;10,86616;-4,299759;-21,8575;19,22357;-6,987333;-27,98367;25,60759;-9,065866;-3,583431;1,146555;-1,802444;-7,071018;3,461123;-7,912158;-10,13088;0,457048;-13,3338;-11,89327;-1,144409;-16,20483;-13,40103;-2,416134;-18,48793;-2,40612;1,124024;-2,495885;-5,235672;3,413402;-8,944987;-11,04927;6,569982;-15,24639;-16,70837;3,971815;-21,27743;-23,96393;-1,09148;-27,80342;-1,321792;1,103461;-3,134251;-3,224373;3,156424;-9,331225;-8,605956;4,443883;-12,6915;-12,66861;-4,842281;-16,77704;-18,07594;-20,44201;-25,05684;-0,274658;1,082897;-3,750085;-1,018524;2,7287;-9,229659;-4,829406;5,116939;-13,77296;-6,820679;6,334305;-16,04748;-9,109496;7,697581;-18,56804;11,05537;14,65112;15,05798;16,00956;15,93647;41,45971;3,09402;1,386069;2,278042;-2,899283;3,614547;3,830577;-8,668323;3,522534;5,233491;5,290688;-7,688935;3,554681;10,13685;10,01186;-10,01215;3,413174;4,620588;5,338985;-1,19482;0,968857;0;-0,008469;-0,015478;0,388484;-0,003262;0;0,539417;-0,003347;0;0,002232;0,711594;-0,029755;3,513222;3,157539;0,499535;-0,013747;0;-0,002203;-40,7009;35,84289;0,227451;-0,508118;1,853943;-10,10485;-0,195694;-0,183678;6,622697;-0,200844;-105,5631;-94,76736;48,8428;-1,983547;210,7933;189,5279;2,495956;0,208569;-0,154495;0
71;1136;00:00:01:176;0;0;0;-1,742193;-2,13186;4,234269;-3,554779;-2,913502;8,562914;-5,291468;-3,475153;12,21544;-6,682715;-3,871757;14,98287;-2,188824;-1,409143;3,45804;-8,752035;-1,454196;7,195714;-13,14637;-1,780105;9,727125;-15,43789;-1,816811;11,16488;-17,21503;-1,730444;12,38132;-2,770407;-0,505483;2,447227;-9,614878;-0,079112;5,609361;-14,67366;0,696728;7,96283;-17,30756;1,33706;9,371814;-19,36426;2,040956;10,63258;-3,318115;0,261141;1,495182;-9,814054;1,115926;3,787769;-14,26139;1,749041;5,943887;-16,54058;2,479456;7,391808;-18,34966;3,449374;8,893394;-3,839724;1,032701;0,588555;-9,495191;2,303713;1,748475;-13,08418;2,891808;3,333443;-14,85912;3,321511;4,224794;-16,77271;3,971972;5,333935;-45,93841;44,23283;124,0644;15,9206;18,88806;-115,288;19,01468;18,88803;-115,2879;20,54944;18,83727;-114,8277;20,54944;18,83726;-114,8277;-46,31839;44,23283;124,0644;-48,0121;41,87298;125,2369;-43,95239;42,42369;125,8997;-39,4221;43,06232;126,9305;-39,58927;42,91445;126,6853;-51,03119;48,25462;117,5471;-49,37271;50,0862;114,6273;-45,69833;48,6731;112,5723;-41,88499;47,63177;110,5909;-41,70654;47,7769;110,8322;-57,44229;52,1408;109,2563;-49,7442;47,96205;114,0626;-41,12289;46,59613;111,9968;-34,33905;44,35415;107,4632;-34,11998;44,50619;107,7761;-69,20069;56,45637;94,90115;-51,96186;49,58122;111,4735;-48,67065;48,37907;109,7127;-46,396;45,76744;105,5368;-46,19391;45,97255;105,8183;0;0;0;-106,6363;130,9213;-36,73946;-163,2054;113,917;-72,71375;-190,0301;92,63654;-92,29096;-202,9844;74,71341;-103,2025;-10,86359;84,54705;9,831949;382,9382;90,22045;238,7578;634,8365;125,2023;391,1331;766,0135;125,3806;467,0434;867,5881;109,9521;522,8552;112,5163;28,21515;70,47794;570,8393;5,598175;331,3413;925,3077;-61,50721;523,6312;1110,595;-127,7156;618,2103;1255,819;-206,4524;687,2217;225,709;-15,69275;127,5983;706,3741;-64,01581;396,4878;1012,609;-120,4003;562,9158;1169,651;-203,8488;637,8665;1293,448;-323,2165;686,7357;334,9824;-62,00031;181,9936;807,2051;-135,2955;441,238;1063,495;-184,4978;580,0823;1190,68;-227,1891;645,5071;1328,252;-298,0633;711,5759;0;0;0;-4,4353;3,055572;-0,286996;-12,25734;15,14196;-1,920461;-18,83697;25,59149;-3,618121;-23,82374;33,6095;-5,031824;-3,466755;2,852082;-1,03265;-6,520271;7,887839;-6,347179;-4,983902;8,974313;-10,62584;-4,214286;9,573697;-12,94041;-3,662109;10,06865;-14,7686;-2,22373;2,586722;-1,984834;-4,594802;7,448382;-7,776259;-6,620407;12,91287;-14,81151;-7,730483;15,89227;-18,63384;-8,628844;18,33343;-21,77524;-1,092911;2,33674;-2,835989;-2,554893;6,575346;-8,570193;-4,697799;12,04848;-15,32078;-11,28387;7,661819;-23,7751;-24,1642;-1,142979;-33,82015;0,002861;2,099275;-3,669261;-0,349045;5,346536;-8,943557;0,846863;20,7181;-13,52692;1,53923;28,55587;-15,42949;2,403259;37,3249;-16,95728;11,05816;14,65288;15,05982;16,01356;15,93072;41,46819;3,09402;1,386351;2,264599;-2,897257;3,614601;3,830577;-8,669387;3,522534;5,233491;5,29065;-7,689956;3,554736;10,13685;10,01184;-10,02156;3,365867;4,620588;5,338985;-0,344868;0,509033;0;0,016937;-0,806551;0,121565;0,003262;0;-0,063858;0;0;-0,002232;-0,061255;0,003304;0;-0,001202;-0,564308;-2,838421;0;0;50,99715;-27,58941;0;1,524353;-47,46436;-16,01515;0,391388;0;-36,19652;0,200844;0;-0,267792;-46,37088;1,983547;-210,7933;-189,5244;-63,83056;-169,4804;0;0,132179
72;1152;00:00:01:192;0;0;0;-1,741727;-2,132033;4,234374;-3,553857;-2,913996;8,56315;-5,290164;-3,475927;12,21581;-6,681122;-3,872745;14,98336;-2,188451;-1,409298;3,458214;-8,751286;-1,4546;7,196543;-13,14513;-1,779527;9,728928;-15,43636;-1,81571;11,16718;-17,21321;-1,728929;12,38399;-2,770152;-0,505617;2,447489;-9,614313;-0,079481;5,610322;-14,67281;0,69605;7,964501;-17,30655;1,336212;9,37387;-19,36311;2,039968;10,63495;-3,31797;0,261028;1,495524;-9,813693;1,115614;3,78879;-14,26053;1,74792;5,94617;-16,53943;2,477883;7,39478;-18,34823;3,447402;8,896957;-3,839685;1,032608;0,588974;-9,495058;2,303474;1,749503;-13,08263;2,89368;3,3369;-14,85717;3,323659;4,22892;-16,7708;3,973691;5,338245;-45,93324;44,22803;124,0691;15,9136;18,88873;-115,2882;19,00767;18,88873;-115,2883;20,54243;18,83802;-114,828;20,54244;18,83802;-114,828;-46,31322;44,22803;124,0691;-47,99458;41,87016;125,2388;-43,93477;42,4207;125,9018;-39,40438;43,0591;126,9328;-39,57156;42,91129;126,6876;-51,02485;48,25028;117,5529;-49,36365;50,08055;114,6365;-45,68923;48,66768;112,5814;-41,8758;47,62653;110,6;-41,69735;47,77163;110,8412;-57,43446;52,13713;109,2636;-49,72713;47,95003;114,0826;-41,10564;46,58453;112,0167;-34,32123;44,34353;107,483;-34,1022;44,49551;107,796;-69,19063;56,45399;94,91064;-51,90089;49,57277;111,4891;-48,64006;48,37186;109,7267;-46,39259;45,76171;105,5492;-46,19052;45,96682;105,8308;0;0;0;-106,6632;130,9157;-36,75339;-163,2757;113,9594;-72,73775;-190,1358;92,72218;-92,32512;-203,1167;74,83288;-103,2448;-10,88295;84,54855;9,820327;382,9097;90,25717;238,7305;634,8406;125,1358;391,1409;766,0355;125,2583;467,0685;867,6253;109,7845;522,8925;112,5065;28,22599;70,46911;570,8256;5,649147;331,3184;925,2826;-61,4304;523,607;1110,565;-127,6263;618,1868;1255,787;-206,3541;687,1997;225,7076;-15,67311;127,5918;706,3741;-63,95481;396,4699;1012,547;-120,3151;562,903;1169,558;-203,7529;637,8588;1293,329;-323,1136;686,7338;334,9893;-61,97231;181,9894;807,2193;-135,2276;441,2264;1063,551;-184,4733;580,1892;1190,77;-227,1266;645,6722;1328,399;-297,8992;711,8121;0;0;0;-1,614332;-0,339746;-0,835598;-4,216432;2,541303;-1,440167;-6,343603;5,138397;-2,049207;-7,939338;7,168292;-2,542734;-1,161396;0,090122;-0,697374;-1,710892;2,203345;-1,633644;0,243187;-3,98755;0,469208;1,318931;-7,341384;1,507759;2,231598;-10,0522;2,234459;-0,587225;0,650525;-0,529647;-0,823975;3,058344;-1,37186;-1,51062;4,608035;-1,450539;-1,796722;5,359411;-1,413345;-1,951217;5,899429;-1,324654;-0,085831;1,177937;-0,393391;0;3,659963;-1,070022;-3,713607;5,112648;-0,766754;-5,630493;5,759239;-0,460625;-7,152556;6,169796;-0,117302;0,410557;1,679778;-0,251055;0,852585;4,072666;-0,695229;3,398895;1,472711;6,417274;5,378723;3,750801;9,907722;8,806228;9,849071;14,17351;11,05792;14,6527;15,05823;16,01238;15,92898;41,46904;3,09402;1,386351;2,261918;-2,882965;3,614601;3,830577;-8,66703;3,522534;5,233491;5,290688;-7,677696;3,554351;10,13689;10,01184;-10,01412;3,413231;4,591286;5,312716;-0,104485;0,051041;0;0;-0,160847;0,857491;0;0;0,141392;0;0;0,002232;0,735598;-0,023131;0,002346;0;0,446434;2,841854;-1,758127;-1,576195;14,42299;-27,47955;0;-1,016235;38,74225;44,15559;-0,195694;0;12,31499;0;0;0,267792;47,81112;-1,586151;0,140762;0,072098;60,64453;340,8164;-105,4876;-94,57167
73;1168;00:00:01:208;0;0;0;-1,741727;-2,132033;4,234374;-3,553547;-2,914581;8,563174;-5,289599;-3,477018;12,21588;-6,680368;-3,874223;14,98347;-2,188451;-1,409298;3,458214;-8,751286;-1,4546;7,196543;-13,14492;-1,779298;9,729327;-15,43601;-1,815357;11,16779;-17,21276;-1,728479;12,38475;-2,770152;-0,505617;2,447489;-9,614313;-0,079481;5,610322;-14,67277;0,695951;7,964632;-17,30647;1,33606;9,374068;-19,36302;2,039772;10,63521;-3,31797;0,261028;1,495524;-9,813693;1,115614;3,78879;-14,26053;1,747924;5,946163;-16,53943;2,47789;7,394771;-18,34823;3,447412;8,896945;-3,839685;1,032608;0,588974;-9,495058;2,303474;1,749503;-13,08267;2,893797;3,336753;-14,85724;3,323836;4,228697;-16,77089;3,973934;5,337938;-45,93324;44,22803;124,0691;15,90752;18,89287;-115,2866;19,0016;18,89286;-115,2865;20,5364;18,84219;-114,8263;20,53641;18,84219;-114,8263;-46,31322;44,22803;124,0691;-47,98792;41,86829;125,241;-43,92808;42,4188;125,904;-39,39766;43,05709;126,9352;-39,56485;42,90931;126,6899;-51,02485;48,25028;117,5529;-49,36208;50,07944;114,6386;-45,68764;48,66658;112,5834;-41,8742;47,6255;110,602;-41,69576;47,77058;110,8433;-57,43446;52,13713;109,2636;-49,7272;47,95009;114,0825;-41,10571;46,5846;112,0166;-34,32129;44,3436;107,4829;-34,10228;44,49555;107,7959;-69,19063;56,45399;94,91064;-51,90348;49,57448;111,4857;-48,64267;48,37351;109,7233;-46,39523;45,76324;105,5459;-46,19313;45,96837;105,8275;0;0;0;-106,6912;130,926;-36,75967;-163,3603;114,011;-72,76734;-190,2693;92,80919;-92,37496;-203,2876;74,94682;-103,3101;-10,90537;84,55788;9,809911;382,8647;90,28142;238,6807;634,7527;125,0739;391,0337;765,9221;125,1504;466,9309;867,4894;109,6402;522,7316;112,4911;28,234;70,45342;570,7917;5,671244;331,2607;925,2216;-61,38977;523,5082;1110,489;-127,5755;618,0657;1255,698;-206,2949;687,0609;225,6989;-15,66636;127,5713;706,3525;-63,93608;396,4087;1012,496;-120,2478;562,766;1169,489;-203,6585;637,6804;1293,245;-322,9954;686,5197;334,9869;-61,96675;181,9643;807,2115;-135,2133;441,1647;1063,47;-184,5859;579,9797;1190,669;-227,2559;645,4216;1328,308;-298,0029;711,5493;0;0;0;-1,676559;0,621557;-0,376761;-5,076169;3,097772;-1,775622;-8,011579;5,220294;-2,990842;-10,25391;6,836057;-3,916025;-1,345128;0,560045;-0,624955;-2,700805;1,454472;-2,986908;-5,275726;-3,717184;-6,437302;-6,803513;-6,471634;-8,25405;-8,153914;-8,657454;-9,65309;-0,919104;0,480473;-0,940919;-2,034187;1,325816;-3,463268;-3,662109;2,438307;-5,928039;-4,571914;3,047704;-7,261275;-5,338668;3,550529;-8,325576;-0,520706;0,405282;-1,23024;-1,298904;1,123309;-3,677845;-3,067016;4,034757;-8,222579;-4,091262;5,660533;-10,70881;-5,081176;7,095337;-12,84599;-0,14019;0,334024;-1,509905;-0,469208;0,860453;-3,702163;-4,903793;-6,757021;-12,56847;-6,008148;-7,759093;-15,03753;-5,470275;-6,225585;-15,76996;11,05843;14,65375;15,05959;16,01401;15,92482;41,47577;3,094084;1,38621;2,26434;-2,8778;3,614601;3,830577;-8,665307;3,522534;5,233491;5,29065;-7,677773;3,554351;10,13687;10,01188;-10,01693;3,413288;4,591243;5,312753;-0,249367;0,40329;0,003791;-0,008469;0,145297;0,309892;0;0;0,103397;0;0;-0,002232;-0,004606;0;-0,001202;0,002346;-0,168457;0,003448;-0,002575;0,002232;-8,692931;21,13495;0,227451;-0,508118;18,36862;-32,85598;0;0;-2,279663;0;0;-0,267792;-44,41222;1,387882;-0,21286;0,140762;-36,89346;-170,3044;105,3331;94,70557
74;1184;00:00:01:224;0;0;0;-1,74048;-2,131562;4,235124;-3,55174;-2,913744;8,564225;-5,287332;-3,475898;12,2172;-6,677754;-3,872899;14,98498;-2,187475;-1,409011;3,458948;-8,749442;-1,454538;7,198797;-13,14274;-1,777686;9,732358;-15,43363;-1,812897;11,17118;-17,21017;-1,725324;12,38838;-2,769523;-0,505569;2,448209;-9,61301;-0,079788;5,612551;-14,67126;0,695902;7,967219;-17,30485;1,336185;9,37679;-19,3613;2,040069;10,63799;-3,317659;0,26085;1,496246;-9,812963;1,114983;3,790869;-14,25922;1,746706;5,949616;-16,53778;2,476413;7,39888;-18,34628;3,44577;8,901527;-3,839681;1,032215;0,58969;-9,494948;2,30255;1,751314;-13,08232;2,892785;3,339156;-14,85675;3,322799;4,231368;-16,77026;3,972898;5,340865;-45,91066;44,22841;124,0922;15,90522;18,88315;-115,2801;18,99929;18,88314;-115,2801;20,53401;18,8325;-114,8199;20,53401;18,8325;-114,8199;-46,29063;44,22842;124,0922;-47,96286;41,87976;125,2491;-43,90261;42,43004;125,9126;-39,37166;43,068;126,9443;-39,53896;42,92029;126,699;-51,00076;48,25249;117,5782;-49,34548;50,08833;114,6542;-45,672;48,67585;112,5981;-41,85935;47,63512;110,6159;-41,6808;47,78017;110,8572;-57,40912;52,14162;109,2909;-49,69756;47,94873;114,1154;-41,07678;46,58395;112,0485;-34,29351;44,34451;107,5132;-34,0744;44,49638;107,8263;-69,16538;56,4622;94,93898;-51,88166;49,57998;111,5083;-48,62165;48,37944;109,745;-46,37587;45,77018;105,5657;-46,1737;45,97522;105,8474;0;0;0;-106,6912;130,926;-36,75967;-163,3597;114,0685;-72,74821;-190,2669;92,91671;-92,34174;-203,2832;75,09274;-103,2669;-10,90537;84,55788;9,809911;382,8647;90,28142;238,6807;634,8193;124,9924;391,0161;766,0236;125,0255;466,9023;867,6185;109,4808;522,6923;112,4911;28,234;70,45342;570,7917;5,671244;331,2607;925,2715;-61,38361;523,4924;1110,566;-127,566;618,0416;1255,797;-206,2827;687,0297;225,6989;-15,66636;127,5713;706,3525;-63,93608;396,4087;1012,46;-120,247;562,7714;1169,433;-203,6573;637,6885;1293,171;-322,9938;686,5302;334,9869;-61,96675;181,9643;807,2115;-135,2133;441,1647;1063,483;-184,5932;579,9867;1190,69;-227,2669;645,4321;1328,336;-298,018;711,5638;0;0;0;0;0;0;0,035763;3,451824;1,147985;0,147343;6,451249;1,99306;0,264645;8,755445;2,591371;0;0;0;0;0;0;3,996849;-4,889488;-1,054287;6,093978;-7,49731;-1,719475;7,741927;-9,566545;-2,354622;0;0;0;0;0;0;2,998352;0,369787;-0,946999;4,611969;0,570059;-1,450539;5,928039;0,732422;-1,87397;0;0;0;0;0;0;-2,168655;0,048637;0,323296;-3,370285;0,074387;0,486374;-4,411697;0,095844;0,629425;0;0;0;0;0;0;0,806809;-0,436306;0,417709;1,224518;-0,658035;0,635147;1,682281;-0,905514;0,872612;11,05832;14,65374;15,05742;16,01325;15,91811;41,47007;3,09402;1,386351;2,249075;-2,865052;3,614601;3,830577;-8,674325;3,522589;5,233454;5,290688;-7,670765;3,554075;10,13685;10,01186;-10,01954;3,413403;4,591243;5,312679;-0,40266;-0,341949;-0,003791;0,008469;-0,915871;0,764909;0;0;-0,541077;0,003347;-0,00226;0,002232;0,420456;-0,016537;-0,001144;-0,001144;-0,15667;0,006866;0;-0,004435;-9,197616;-44,71435;-0,454903;1,016235;-63,67006;27,30102;0;0;-38,66844;0,200844;-0,135613;0,267792;25,50373;-0,992203;0,003433;-0,209427;0,707245;0,205135;0,154495;-0,399971
75;1200;00:00:01:240;0;0;0;-1,74048;-2,131562;4,235124;-3,55174;-2,913744;8,564225;-5,287332;-3,475898;12,2172;-6,677754;-3,872899;14,98498;-2,187475;-1,409011;3,458948;-8,749442;-1,454538;7,198797;-13,14274;-1,777686;9,732358;-15,43363;-1,812897;11,17118;-17,21017;-1,725324;12,38838;-2,769523;-0,505569;2,448209;-9,61301;-0,079788;5,612551;-14,67126;0,695902;7,967219;-17,30485;1,336185;9,37679;-19,3613;2,040069;10,63799;-3,317659;0,26085;1,496246;-9,812963;1,114983;3,790869;-14,25922;1,746706;5,949616;-16,53778;2,476413;7,39888;-18,34628;3,44577;8,901527;-3,839681;1,032215;0,58969;-9,494948;2,30255;1,751314;-13,08232;2,892785;3,339156;-14,85675;3,322799;4,231368;-16,77026;3,972898;5,340865;-45,91066;44,22841;124,0922;15,90522;18,88315;-115,2801;18,99929;18,88314;-115,2801;20,53401;18,8325;-114,8199;20,53401;18,8325;-114,8199;-46,29063;44,22842;124,0922;-47,96286;41,87976;125,2491;-43,90261;42,43004;125,9126;-39,37166;43,068;126,9443;-39,53896;42,92029;126,699;-51,00076;48,25249;117,5782;-49,34548;50,08833;114,6542;-45,672;48,67585;112,5981;-41,85935;47,63512;110,6159;-41,6808;47,78017;110,8572;-57,40912;52,14162;109,2909;-49,69756;47,94873;114,1154;-41,07678;46,58395;112,0485;-34,29351;44,34451;107,5132;-34,0744;44,49638;107,8263;-69,16538;56,4622;94,93898;-51,88166;49,57998;111,5083;-48,62165;48,37944;109,745;-46,37587;45,77018;105,5657;-46,1737;45,97522;105,8474;0;0;0;-106,766;130,8978;-36,80467;-163,4681;114,0183;-72,81124;-190,4029;92,84953;-92,42065;-203,44;75,01328;-103,3579;-10,96393;84,54066;9,765833;382,7541;90,27766;238,5455;634,6886;124,8957;390,8342;765,8804;124,8779;466,6989;867,4634;109,2915;522,4749;112,4535;28,23114;70,41017;570,7135;5,689678;331,127;925,181;-61,38065;523,3372;1110,469;-127,5735;617,8782;1255,694;-206,3005;686,8629;225,6802;-15,65567;127,528;706,3087;-63,89823;396,2839;1012,381;-120,174;562,5642;1169,334;-203,5686;637,442;1293,054;-322,8953;686,2552;334,9867;-61,94316;181,9213;807,2048;-135,1579;441,0561;1063,462;-184,5324;579,8426;1190,661;-227,2047;645,2719;1328,298;-297,9558;711,3882;0;0;0;-4,488945;-1,696587;-2,699733;-6,505251;-3,013372;-3,781914;-8,161782;-4,031181;-4,734277;-9,408473;-4,767537;-5,460977;-3,513694;-1,033544;-2,644658;-6,633282;-0,224948;-8,11386;-7,839202;-5,801439;-10,91194;-8,591651;-8,857011;-12,1994;-9,304046;-11,35683;-13,04626;-2,260923;-0,171304;-2,594948;-4,689216;1,106031;-8,022307;-5,430221;0,177026;-9,31549;-5,836486;-0,450611;-9,799003;-6,185531;-1,067161;-10,01072;-1,12009;0,641406;-2,597093;-2,626419;2,271294;-7,483005;-4,720687;4,382371;-12,43114;-5,933761;5,318641;-14,78863;-7,026672;5,910873;-16,49666;-0,015736;1,415491;-2,576351;-0,400543;3,326654;-6,520271;-1,28746;3,644228;-8,648871;-1,739502;3,732204;-9,615897;-2,271652;3,730773;-10,53715;11,05832;14,65374;15,05742;16,01325;15,91811;41,47007;3,09402;1,386351;2,249075;-2,865052;3,614601;3,830577;-8,674325;3,522589;5,233454;5,290688;-7,670765;3,554075;10,13685;10,01186;-10,01954;3,413403;4,591243;5,312679;0;0;0;0;0;0;0;0;0;0;0;0;0;0;0;0;0;0;0;0;24,15962;20,51697;0,227451;-0,508118;54,95223;-45,89452;0;0;32,4646;-0,200844;0,135613;-0,133896;-25,22735;0,992203;0,068665;0,068665;9,400176;-0,411987;0;0,266075
76;1216;00:00:01:256;0;0;0;-1,740147;-2,131806;4,235137;-3,549033;-2,915501;8,564958;-5,282629;-3,478951;12,21867;-6,671544;-3,87694;14,98708;-2,187176;-1,409148;3,459082;-8,748701;-1,454482;7,199709;-13,14137;-1,775721;9,734612;-15,43184;-1,809925;11,17412;-17,20799;-1,72156;12,39184;-2,769272;-0,505567;2,448494;-9,612348;-0,079517;5,613691;-14,66981;0,695406;7,9703;-17,30294;1,335255;9,380925;-19,35899;2,038768;10,64299;-3,317459;0,260983;1,496666;-9,812422;1,115435;3,792141;-14,25826;1,747074;5,95178;-16,53653;2,476696;7,40155;-18,34471;3,445944;8,904646;-3,839527;1,032474;0,590242;-9,494554;2,303163;1,752656;-13,08162;2,893367;3,341205;-14,85587;3,323354;4,233782;-16,76915;3,973405;5,343695;-45,90681;44,22026;124,0902;15,86798;18,88633;-115,2871;18,96206;18,8863;-115,2871;20,49682;18,83594;-114,8268;20,49683;18,83593;-114,8268;-46,2868;44,22027;124,0902;-47,93961;41,87464;125,2431;-43,87926;42,42471;125,9068;-39,3482;43,06237;126,9388;-39,51553;42,91474;126,6934;-50,99527;48,24471;117,5776;-49,32395;50,06978;114,6743;-45,65008;48,65784;112,618;-41,83696;47,6176;110,6359;-41,65845;47,7626;110,8773;-57,40138;52,13444;109,2923;-49,68744;47,93813;114,1207;-41,06636;46,5736;112,0538;-34,28239;44,33477;107,5188;-34,06332;44,48659;107,8318;-69,15383;56,45642;94,94395;-51,87085;49,57;111,514;-48,61061;48,3697;109,7507;-46,36438;45,76099;105,5715;-46,16224;45,966;105,8532;0;0;0;-106,766;130,8978;-36,80467;-163,5835;114,0277;-72,8939;-190,621;92,86555;-92,56902;-203,7379;75,03387;-103,5547;-10,96393;84,54066;9,765833;382,7541;90,27766;238,5455;634,7081;124,7771;390,8409;765,9104;124,6961;466,7051;867,502;109,0595;522,4774;112,4535;28,23114;70,41017;570,7135;5,689678;331,127;925,0831;-61,3811;523,3521;1110,318;-127,5742;617,9009;1255,5;-206,3014;686,8921;225,6802;-15,65567;127,528;706,3087;-63,89823;396,2839;1012,357;-120,1733;562,5674;1169,297;-203,5675;637,4471;1293,005;-322,8938;686,2617;334,9867;-61,94316;181,9213;807,2048;-135,1579;441,0561;1063,444;-184,532;579,8456;1190,634;-227,204;645,2765;1328,262;-297,955;711,3946;0;0;0;0;0;0;-6,92296;0,564337;-4,959583;-13,08632;0,962019;-8,902072;-17,87138;1,235247;-11,80744;0;0;0;0;0;0;1,167297;-7,114649;0,403404;1,796722;-10,90622;0,369072;2,311706;-13,91745;0,154495;0;0;0;0;0;0;-5,876541;-0,026464;0,8955;-9,052276;-0,040054;1,361847;-11,63864;-0,052929;1,753807;0;0;0;0;0;0;-1,459122;0,042915;0,191689;-2,260208;0,067234;0,306129;-2,96402;0,088692;0,39196;0;0;0;0;0;0;-1,041412;0,025034;0,185967;-1,579285;0,037193;0,277519;-2,180099;0,051498;0,386238;11,06335;14,65735;15,06265;16,01826;15,92147;41,49931;3,09402;1,386492;2,244982;-2,842691;3,614547;3,830526;-8,657552;3,522478;5,233454;5,290613;-7,666082;3,55391;10,13687;10,01188;-10,0153;3,413288;4,591328;5,312679;0,201759;1,754379;0;0,008476;-0,245619;1,341662;-0,003262;-0,003061;1,006393;-0,00668;0;-0,004463;0,280981;-0,009913;0,001144;0,001144;0,254459;-0,006866;0,005121;0;12,10556;105,2627;0;0,508547;-14,73713;80,49973;-0,195694;-0,183678;60,3836;-0,400829;0;-0,267792;16,85886;-0,594807;0,068665;0,068665;15,26756;-0,411987;0,307274;0
77;1232;00:00:01:272;0;0;0;-1,740147;-2,131806;4,235137;-3,549033;-2,915501;8,564958;-5,282629;-3,478951;12,21867;-6,671544;-3,87694;14,98708;-2,187176;-1,409148;3,459082;-8,748701;-1,454482;7,199709;-13,14136;-1,775961;9,734585;-15,43184;-1,810293;11,17408;-17,208;-1,722031;12,3918;-2,769272;-0,505567;2,448494;-9,612348;-0,079517;5,613691;-14,66972;0,695195;7,970578;-17,30279;1,33493;9,381353;-19,3588;2,03835;10,64354;-3,317459;0,260983;1,496666;-9,812422;1,115435;3,792141;-14,25839;1,747367;5,951426;-16,53673;2,47715;7,401;-18,34498;3,446538;8,903925;-3,839527;1,032474;0,590242;-9,494554;2,303163;1,752656;-13,08162;2,893367;3,341205;-14,85542;3,324134;4,2343;-16,76754;3,975771;5,345285;-45,90681;44,22026;124,0902;15,86798;18,88633;-115,2871;18,96206;18,8863;-115,2871;20,49682;18,83594;-114,8268;20,49683;18,83593;-114,8268;-46,2868;44,22027;124,0902;-47,94106;41,87354;125,2444;-43,88073;42,42365;125,9081;-39,34971;43,06133;126,94;-39,51702;42,91368;126,6946;-50,99527;48,24471;117,5776;-49,32061;50,06738;114,6786;-45,6467;48,65551;112,6224;-41,83355;47,61536;110,6403;-41,65503;47,76035;110,8816;-57,40138;52,13444;109,2923;-49,69209;47,9417;114,1144;-41,07107;46,57703;112,0476;-34,2873;44,33794;107,5125;-34,0682;44,48978;107,8256;-69,15383;56,45642;94,94395;-51,87085;49,57;111,514;-48,58132;48,36971;109,7507;-46,31018;45,7624;105,5695;-46,10781;45,96722;105,8515;0;0;0;-106,786;130,9124;-36,80552;-163,7459;114,1331;-72,93789;-190,9032;93,04871;-92,65776;-204,1105;75,27634;-103,6806;-10,98188;84,54888;9,757831;382,7096;90,27431;238,4908;634,6182;124,6716;390,7048;765,7916;124,5368;466,5278;867,3562;108,858;522,2691;112,4384;28,23101;70,3931;570,6738;5,673438;331,0586;924,9746;-61,35145;523,1706;1110,17;-127,5185;617,658;1255,318;-206,2236;686,5986;225,6682;-15,66368;127,5028;706,2762;-63,9254;396,2076;1012,328;-120,1962;562,4338;1169,266;-203,5858;637,2809;1292,968;-322,9059;686,0671;334,9774;-61,95866;181,8882;807,1812;-135,1946;440,9755;1063,402;-184,567;579,7227;1190,577;-227,299;645,1237;1328,174;-298,1774;711,1884;0;0;0;-1,198768;0,879049;-0,050962;-9,746074;6,326437;-2,639293;-16,9301;10,98919;-5,324363;-22,35889;14,5483;-7,5531;-1,076907;0,493526;-0,480115;-2,669334;-0,201702;-3,283024;-5,393028;-6,329298;-8,165359;-7,129669;-9,559392;-10,63728;-8,743285;-12,09354;-12,49981;-0,904798;-0,008047;-1,024604;-2,386093;-0,974402;-4,104137;-6,505966;1,778841;-10,88905;-8,874892;3,339529;-14,57977;-10,87761;4,670619;-17,60959;-0,719547;-0,480831;-1,512051;-1,951217;-1,630068;-4,581928;-1,76239;-1,374721;-8,013724;-1,871109;-1,098633;-9,967803;-2,191543;-0,729561;-11,68156;-0,553608;-0,930548;-1,987695;-1,419067;-2,205848;-4,832267;-2,523422;-2,096414;-7,375716;-3,450394;-5,696296;-9,166717;-5,247116;-13,34238;-12,37106;11,06328;14,65686;15,06344;16,01744;15,92147;41,49931;3,09402;1,386492;2,246463;-2,845031;3,614601;3,830526;-8,653876;3,522478;5,233454;5,29065;-7,671558;3,554075;10,13689;10,01186;-10,0153;3,413288;4,620588;5,339022;0;0;0;0;0,088892;-0,140433;0,003262;0;0,220528;0;0;0,002232;-0,32856;0,009913;0,001202;-0,001144;0;0;1,755581;1,580601;-12,10556;-105,2627;0;-0,508547;20,07065;-88,92573;0,391388;0,183678;-47,15195;0,400829;0;0,401688;-36,57245;1,189613;0,003433;-0,137329;-15,26756;0,411987;105,0276;94,83603
78;1248;00:00:01:288;0;0;0;-1,740147;-2,131806;4,235137;-3,549033;-2,915501;8,564958;-5,282629;-3,478951;12,21867;-6,671544;-3,87694;14,98708;-2,187176;-1,409148;3,459082;-8,748701;-1,454482;7,199709;-13,14115;-1,775727;9,73498;-15,4315;-1,809933;11,17468;-17,20756;-1,721572;12,39255;-2,769272;-0,505567;2,448494;-9,612348;-0,079517;5,613691;-14,66953;0,694784;7,971117;-17,3025;1,334297;9,382188;-19,35842;2,037537;10,64461;-3,317459;0,260983;1,496666;-9,812422;1,115435;3,792141;-14,25832;1,747225;5,951598;-16,53663;2,476931;7,401267;-18,34485;3,446251;8,904273;-3,839527;1,032474;0,590242;-9,494554;2,303163;1,752656;-13,0818;2,893845;3,340601;-14,85616;3,324075;4,232872;-16,76955;3,974401;5,34244;-45,90681;44,22026;124,0902;15,86798;18,88633;-115,2871;18,96206;18,8863;-115,2871;20,49682;18,83594;-114,8268;20,49683;18,83593;-114,8268;-46,2868;44,22027;124,0902;-47,93444;41,87174;125,2465;-43,87406;42,42179;125,9103;-39,34304;43,05938;126,9423;-39,51036;42,91175;126,6969;-50,99527;48,24471;117,5776;-49,31411;50,06271;114,6871;-45,64015;48,65099;112,6308;-41,82689;47,61098;110,6487;-41,6484;47,75595;110,89;-57,40138;52,13444;109,2923;-49,68984;47,93996;114,1174;-41,06879;46,57539;112,0506;-34,28491;44,33641;107,5156;-34,06583;44,48823;107,8286;-69,15383;56,45642;94,94395;-51,88145;49,57704;111,5001;-48,62128;48,3765;109,7369;-46,37521;45,76728;105,5579;-46,17307;45,97232;105,8395;0;0;0;-106,786;130,9124;-36,80552;-163,7459;114,1331;-72,93789;-190,9032;93,04871;-92,65776;-204,1105;75,27634;-103,6806;-10,98188;84,54888;9,757831;382,7096;90,27431;238,4908;634,6047;124,6587;390,7072;765,7714;124,517;466,5305;867,3308;108,8328;522,271;112,4384;28,23101;70,3931;570,6738;5,673438;331,0586;924,9271;-61,33897;523,1601;1110,097;-127,4993;617,6421;1255,224;-206,1989;686,5781;225,6682;-15,66368;127,5028;706,2762;-63,9254;396,2076;1012,322;-120,2133;562,4568;1169,256;-203,6124;637,3167;1292,956;-322,9408;686,1138;334,9774;-61,95866;181,8882;807,1812;-135,1946;440,9755;1063,449;-184,5681;579,7144;1190,625;-227,2858;645,0881;1328,196;-298,1297;711,1121;0;0;0;0;0;0;0;0;0;0;0;0;0;0;0;0;0;0;0;0;0;-0,806809;-0,774622;0,144482;-1,213074;-1,185894;0,160217;-1,522064;-1,511335;0,11158;0;0;0;0;0;0;-2,855301;0,748873;-0,632286;-4,394531;1,152992;-0,952721;-5,659103;1,48201;-1,227379;0;0;0;0;0;0;-0,349045;-1,028538;1,381874;-0,543594;-1,597881;2,145767;-0,709534;-2,089977;2,806663;0;0;0;0;0;0;2,809524;-0,067234;-0,50354;2,901077;0,789642;-2,137184;1,321792;2,861023;-4,577636;11,06277;14,65589;15,06306;16,01975;15,92147;41,49931;3,09402;1,386492;2,248814;-2,839935;3,614547;3,830577;-8,646724;3,522423;5,233491;5,290688;-7,668898;3,553965;10,13685;10,01186;-10,02672;3,41369;4,591286;5,312716;0;0;0;0;0,141063;0,305772;-0,003262;0,003061;0,429153;-0,003333;0,00226;0,002232;0,159617;-0,006609;-0,002346;0;-0,685329;0,02409;-1,758127;-1,578398;0;0;0;0;3,130245;26,7723;-0,391388;0,183678;12,51755;-0,199986;0,135613;0;29,29058;-0,991344;-0,21286;0,068665;-41,11976;1,445389;-210,8225;-189,5399
79;1264;00:00:01:304;0;0;0;-1,739813;-2,13205;4,235152;-3,547719;-2,916114;8,565315;-5,280482;-3,479863;12,21938;-6,668763;-3,878075;14,98807;-2,186877;-1,409286;3,459215;-8,747957;-1,454427;7,200623;-13,13984;-1,775666;9,73688;-15,42986;-1,809882;11,1771;-17,20562;-1,721538;12,3954;-2,769021;-0,505565;2,448779;-9,611683;-0,079248;5,614833;-14,66827;0,694724;7,973626;-17,30158;1,332843;9,384703;-19,35845;2,034114;10,64666;-3,317259;0,261117;1,497086;-9,811876;1,115887;3,793416;-14,25725;1,747351;5,954055;-16,5352;2,476839;7,404393;-18,34306;3,445934;8,907989;-3,839373;1,032732;0,590795;-9,494157;2,303774;1,754001;-13,08104;2,894266;3,342854;-14,85518;3,324388;4,235592;-16,76831;3,974575;5,345691;-45,90298;44,2121;124,0882;15,85221;18,88618;-115,2955;18,9463;18,88615;-115,2954;20,48106;18,83591;-114,8352;20,48106;18,83591;-114,8352;-46,28297;44,21209;124,0882;-47,92456;41,85909;125,2495;-43,86432;42,40905;125,9133;-39,33349;43,04651;126,9452;-39,50076;42,89891;126,6998;-50,98978;48,2369;117,5771;-49,29952;50,04912;114,6981;-45,65454;48,63776;112,6418;-41,86668;47,59743;110,6605;-41,68838;47,74251;110,9017;-57,39367;52,12725;109,2938;-49,6759;47,92645;114,1278;-41,05451;46,56219;112,061;-34,26978;44,32404;107,5262;-34,05077;44,4758;107,8392;-69,1423;56,45063;94,94892;-51,8671;49,56472;111,5105;-48,60672;48,36449;109,7473;-46,36014;45,75599;105,5682;-46,158;45,96098;105,8498;0;0;0;-106,786;130,9124;-36,80552;-163,7712;114,1235;-72,9593;-190,951;93,03053;-92,69638;-204,1758;75,25146;-103,7319;-10,98188;84,54888;9,757831;382,7096;90,27431;238,4908;634,5602;124,6301;390,6831;765,7023;124,4732;466,4933;867,2419;108,7768;522,2234;112,4384;28,23101;70,3931;570,6738;5,673438;331,0586;924,8621;-61,31454;523,1359;1110,002;-127,369;617,6181;1255,112;-205,9158;686,5774;225,6682;-15,66368;127,5028;706,2762;-63,9254;396,2076;1012,27;-120,2034;562,4528;1169,176;-203,5971;637,3106;1292,852;-322,9207;686,1059;334,9774;-61,95866;181,8882;807,1812;-135,1946;440,9755;1063,427;-184,5959;579,7565;1190,62;-227,2811;645,1826;1328,248;-298,0459;711,295;0;0;0;0;0;0;-1,517773;-0,575781;-1,284599;-2,86746;-1,091123;-2,317428;-3,91674;-1,492739;-3,079176;0;0;0;0;0;0;-2,672195;-1,715183;-1,450539;-4,1399;-2,629995;-2,231598;-5,338668;-3,358126;-2,85244;0;0;0;0;0;0;-3,896713;1,465917;-1,447677;-5,693435;7,814883;-1,439094;-6,71196;16,9816;-0,045776;0;0;0;0;0;0;-3,095627;0,594378;-0,240326;-4,800796;0,921249;-0,366211;-6,282806;1,207352;-0,477791;0;0;0;0;0;0;-1,304626;-1,672268;2,526283;-0,337601;0,281811;5,667686;3,089905;5,028247;10,97488;11,06336;14,65708;15,06312;16,02;15,92519;41,50611;3,09402;1,38621;2,254812;-2,837177;3,614601;3,830628;-8,637588;3,522367;5,204168;5,264289;-7,659705;3,553634;10,13687;10,01186;-10,01865;3,413403;4,591328;5,312716;0,223217;0,408096;0;-0,016944;0,359845;0,165496;0,003262;0,003076;0,548172;-0,003333;-1,759386;-1,583919;0,551605;-0,019827;0,001144;0;0,483913;-0,017223;0,002546;0;13,39302;24,48577;0;-1,016665;13,12694;-8,416556;0,391388;0,000858;7,141115;0;-105,6988;-95,16905;23,51933;-0,793075;0,209427;0;70,15456;-2,47879;105,6404;94,70385
80;1280;00:00:01:320;0;0;0;-1,73855;-2,131846;4,235773;-3,544702;-2,916392;8,566581;-5,275996;-3,480566;12,22128;-6,663166;-3,879107;14,99048;-2,185848;-1,409129;3,459928;-8,745837;-1,454157;7,203253;-13,13706;-1,774279;9,740794;-15,42668;-1,807893;11,18166;-17,20208;-1,719066;12,40044;-2,768299;-0,50547;2,449614;-9,610042;-0,079074;5,617643;-14,66581;0,694656;7,978265;-17,29865;1,332653;9,39029;-19,3551;2,033832;10,65299;-3,316824;0,261153;1,49804;-9,810783;1,115961;3,79622;-14,25552;1,747437;5,958178;-16,53304;2,476947;7,40917;-18,34046;3,446078;8,913267;-3,839213;1,032713;0,591861;-9,493673;2,303743;1,756649;-13,08013;2,894371;3,346394;-14,85404;3,324565;4,239564;-16,76688;3,974842;5,350115;-45,88128;44,20526;124,1041;15,82908;18,88044;-115,2977;18,92315;18,88041;-115,2976;20,45788;18,83035;-114,8374;20,45789;18,83035;-114,8374;-46,26126;44,20527;124,1041;-47,89952;41,85768;125,2572;-43,83908;42,40742;125,9213;-39,30803;43,04454;126,9536;-39,47536;42,89703;126,7081;-50,9654;48,23189;117,596;-49,26912;50,04151;114,7247;-45,62461;48,63081;112,6675;-41,837;47,59119;110,6858;-41,65866;47,73618;110,927;-57,36631;52,12462;109,3161;-49,65056;47,92186;114,1478;-41,02959;46,55824;112,0803;-34,24546;44,32144;107,5444;-34,0264;44,47311;107,8575;-69,11167;56,45225;94,97519;-51,84356;49,56289;111,528;-48,58366;48,36312;109,7641;-46,33809;45,75573;105,5835;-46,13586;45,96065;105,8653;0;0;0;-106,806;130,9271;-36,80637;-163,8893;114,1828;-73,00343;-191,154;93,12663;-92,77908;-204,4439;75,37516;-103,8445;-10,99983;84,55713;9,749829;382,665;90,27102;238,436;634,5212;124,5783;390,5729;765,6646;124,3962;466,3519;867,2037;108,6806;522,0557;112,4233;28,23089;70,37598;570,6339;5,657277;330,99;924,7563;-61,31105;522,9899;1109,899;-127,282;617,4743;1255,053;-205,7107;686,4633;225,6563;-15,67167;127,4776;706,2435;-63,95249;396,1311;1012,202;-120,2108;562,3061;1169,084;-203,5914;637,1239;1292,735;-322,9014;685,884;334,9682;-61,97416;181,855;807,1574;-135,2313;440,8949;1063,391;-184,6215;579,6196;1190,575;-227,3002;645,0168;1328,193;-298,0567;711,0963;0;0;0;-1,20163;0,879765;-0,050962;-7,086754;3,556967;-2,647519;-12,18009;5,766034;-4,962086;-16,08753;7,422208;-6,753445;-1,076907;0,494599;-0,480115;-2,676487;-0,197053;-3,288746;-2,340317;-3,109932;-6,608963;-2,26593;-4,617691;-8,482932;-2,288818;-5,77569;-10,06222;-0,905514;-0,006974;-1,026749;-2,394676;-0,969618;-4,11272;-6,345749;0,208855;-8,760451;-6,151199;5,220651;-8,625983;-3,519058;12,30669;-6,846428;-0,719547;-0,479221;-1,512766;-1,962662;-1,625419;-4,586219;-4,125595;-0,445604;-8,806228;-5,550384;0,343323;-11,2009;-6,980896;1,155853;-13,31234;-0,555038;-0,929475;-1,991272;-1,424789;-2,200842;-4,837989;-2,191543;-1,530647;-8,211135;-2,660751;-1,144409;-9,947776;-3,255844;-0,652313;-11,92188;11,06539;14,65817;15,06486;16,02205;15,9214;41,51539;3,09402;1,386351;2,247073;-2,828124;3,614601;3,830577;-8,632333;3,522367;5,204206;5,264326;-7,658859;3,553579;10,13687;10,01186;-10,02101;3,41346;4,591328;5,312716;-0,227737;0,557098;0;0,008469;-0,464315;0,543165;0;-0,003076;0,315285;0;0,00226;0,002232;0,050726;-0,003304;0;0;-0,141335;0,003448;0;0;-27,05726;8,940125;0;1,524782;-49,44963;22,66016;-0,195694;-0,369072;-13,97324;0,199986;105,6988;95,16905;-30,05276;0,991344;-0,068665;0;-37,51487;1,240253;-0,152779;0
81;1296;00:00:01:336;0;0;0;-1,737333;-2,133221;4,23558;-3,542657;-2,920712;8,566198;-5,273284;-3,487441;12,22082;-6,659958;-3,887944;14,98998;-2,184917;-1,410395;3,460001;-8,744174;-1,457578;7,204579;-13,13469;-1,779865;9,74306;-15,42396;-1,814646;11,18446;-17,1991;-1,726757;12,40369;-2,767732;-0,506595;2,450023;-9,608942;-0,082265;5,619476;-14,66388;0,688781;7,982779;-17,29626;1,325312;9,396286;-19,35237;2,025287;10,66022;-3,316585;0,260161;1,498744;-9,810259;1,113183;3,798389;-14,25434;1,742518;5,962298;-16,53004;2,472889;7,415717;-18,33391;3,444137;8,922711;-3,839292;1,031847;0,592857;-9,493765;2,301529;1,75905;-13,07979;2,890493;3,350388;-14,85349;3,319829;4,244391;-16,7661;3,969131;5,355905;-45,87961;44,18731;124,116;15,80791;18,90528;-115,2855;18,90198;18,90526;-115,2854;20,43693;18,85535;-114,8251;20,43693;18,85535;-114,8251;-46,25959;44,18732;124,116;-47,89911;41,83451;125,2749;-43,83902;42,38427;125,9388;-39,30855;43,02139;126,9706;-39,47574;42,87387;126,7253;-50,96056;48,2142;117,6104;-49,24459;50,01088;114,764;-45,59912;48,60078;112,7072;-41,81052;47,56176;110,7258;-41,63228;47,70668;110,9671;-57,35698;52,10756;109,3342;-49,63192;47,89498;114,1798;-40,95142;46,53183;112,1127;-34,11489;44,29937;107,5743;-33,89568;44,45053;107,8878;-69,09399;56,43714;95,00065;-51,8225;49,53679;111,562;-48,5619;48,33747;109,7984;-46,31476;45,73121;105,6183;-46,11262;45,93605;105,9001;0;0;0;-106,8818;130,9148;-36,84365;-164,1069;114,2869;-73,08152;-191,492;93,33125;-92,89576;-204,8735;75,65688;-103,9921;-11,06152;84,54774;9,707047;382,5378;90,25479;238,2782;634,318;124,5215;390,3354;765,4181;124,3174;466,075;866,9202;108,584;521,7502;112,38;28,22522;70,32589;570,5354;5,646836;330,8215;924,4916;-61,3075;522,7296;1109,543;-127,2714;617,1664;1254,62;-205,6948;686,1188;225,6302;-15,67385;127,4203;706,1779;-63,95692;395,9629;1012,022;-120,2138;562,0688;1168,822;-203,7609;636,814;1292,368;-323,342;685,434;334,9586;-61,97302;181,7911;807,1284;-135,2294;440,736;1063,278;-184,6263;579,4175;1190,419;-227,3087;644,7941;1327,985;-298,0699;710,8525;0;0;0;-4,549026;-0,733852;-2,236962;-13,05699;6,245613;-4,68564;-20,28251;12,27736;-7,000566;-25,77639;16,90328;-8,857011;-3,701448;-0,563264;-2,566874;-7,633208;-0,973821;-9,468554;-12,19368;-3,406763;-14,25362;-14,78863;-4,72784;-16,61396;-17,01164;-5,797147;-18,33057;-2,599239;-0,340641;-3,005862;-5,908012;-0,626497;-10,11372;-15,8844;0,213504;-15,62404;-21,39473;0,636578;-18,47362;-25,98953;0,954151;-20,66803;-1,563549;-0,131071;-3,435373;-3,936767;-0,265718;-10,09512;-10,75172;-0,178099;-14,23645;-15,74135;-10,1738;-18,59379;-22,05276;-26,43585;-26,99947;-0,576496;0,068307;-3,835201;-1,745224;0,112295;-9,532928;-6,763458;-0,291109;-12,12215;-9,40132;-0,513554;-13,35812;-12,4855;-0,788212;-14,62841;11,06495;14,65641;15,06162;16,02133;15,90082;41,52171;3,094147;1,386351;2,25403;-2,833034;3,614547;3,830577;-8,612288;3,522256;5,204206;5,264252;-7,644343;3,553028;10,19543;10,06451;-10,00669;3,413001;4,591286;5,312679;-1,23476;0,379028;0,007596;0;0,417423;-0,2946;-0,003262;0;1,202717;-0,006666;0;-0,004463;0,870981;-0,033059;3,514137;3,158741;0,858994;-0,027537;-0,002546;-0,002203;-60,42136;-10,68421;0,455761;-0,508118;52,90431;-50,26588;-0,195694;0,184536;53,24592;-0,399971;-0,135613;-0,401688;49,21531;-1,785278;210,8482;189,5244;60,01968;-1,859092;-0,152779;-0,132179
82;1312;00:00:01:352;0;0;0;-1,737333;-2,133221;4,23558;-3,542657;-2,920712;8,566198;-5,273284;-3,487441;12,22082;-6,659958;-3,887944;14,98998;-2,184917;-1,410395;3,460001;-8,744174;-1,457578;7,204579;-13,13478;-1,779629;9,742945;-15,42408;-1,814283;11,18429;-17,19926;-1,726294;12,40346;-2,767732;-0,506595;2,450023;-9,608942;-0,082265;5,619476;-14,66383;0,688679;7,982913;-17,29619;1,325155;9,396492;-19,35228;2,025086;10,66048;-3,316585;0,260161;1,498744;-9,810259;1,113183;3,798389;-14,25437;1,742586;5,962215;-16,53009;2,472995;7,41559;-18,33397;3,444275;8,922544;-3,839292;1,031847;0,592857;-9,493765;2,301529;1,75905;-13,07975;2,890377;3,350536;-14,85342;3,319653;4,244614;-16,766;3,968888;5,356211;-45,87961;44,18731;124,116;15,80791;18,90528;-115,2855;18,90198;18,90526;-115,2854;20,43693;18,85535;-114,8251;20,43693;18,85535;-114,8251;-46,25959;44,18732;124,116;-47,8997;41,83669;125,2723;-43,83959;42,38644;125,9362;-39,30906;43,02356;126,9681;-39,47626;42,87606;126,7227;-50,96056;48,2142;117,6104;-49,24298;50,00972;114,7661;-45,59751;48,59966;112,7093;-41,80886;47,56068;110,7279;-41,63063;47,70558;110,9691;-57,35698;52,10756;109,3342;-49,633;47,8958;114,1784;-40,95252;46,53261;112,1112;-34,11603;44,30011;107,5729;-33,8968;44,45127;107,8864;-69,09399;56,43714;95,00065;-51,81992;49,53509;111,5654;-48,55932;48,3358;109,8017;-46,31213;45,72967;105,6216;-46,10999;45,93452;105,9034;0;0;0;-106,9548;130,9973;-36,83207;-164,2296;114,5461;-73,05859;-191,6547;93,74372;-92,86804;-205,066;76,18707;-103,9622;-11,1174;84,6237;9,702711;382,438;90,46011;238,1986;634,1914;124,8503;390,2003;765,2785;124,7128;465,9082;866,7713;109,033;521,5564;112,3459;28,29272;70,30135;570,4694;5,838304;330,7115;924,3649;-60,95506;522,4603;1109,384;-126,8311;616,8091;1254,436;-205,1823;685,688;225,6158;-15,61432;127,3781;706,1464;-63,79025;395,8328;1011,959;-119,9189;561,8207;1168,652;-203,5177;636,4198;1291,988;-323,2259;684,8656;334,9633;-61,92107;181,7313;807,1339;-135,0966;440,5919;1063,246;-184,3934;579,1799;1190,368;-227,0242;644,5075;1327,915;-297,7267;710,5093;0;0;0;-4,378795;4,947423;0,694692;-7,361411;15,55252;1,375794;-9,76324;24,74856;1,66297;-11,54852;31,811;1,791715;-3,352761;4,557967;-0,260174;-5,98669;12,31885;-4,776477;-7,593154;19,72747;-8,102416;-8,374213;23,72575;-10,00786;-8,932113;26,94082;-11,6272;-2,04134;4,050314;-1,471996;-3,956794;11,4881;-6,598949;-7,598876;21,14653;-16,15333;-9,527205;26,42012;-21,4405;-11,06071;30,75313;-25,84648;-0,864029;3,571987;-2,535581;-1,885414;9,99999;-7,807731;-3,816604;17,69614;-14,8859;-10,1738;14,59122;-23,65207;-22,7623;6,96373;-34,10339;0,286102;3,116727;-3,586292;0,331879;7,969378;-8,648871;-1,905441;13,9761;-14,25648;-3,02124;17,07601;-17,19761;-4,222869;20,59364;-20,59078;11,06525;14,65617;15,0618;16,02097;15,90082;41,52171;3,094147;1,386351;2,251163;-2,831859;3,614547;3,830577;-8,610508;3,522256;5,204206;5,264289;-7,645626;3,553083;10,19541;10,06451;-10,0039;3,412887;4,591286;5,312679;0;0;0;0;-0,172019;0,070496;0;0;0,106773;0;0;0,002232;-0,07699;0,003304;-0,001202;0;0,167542;-0,006866;0;0;74,08561;-22,7417;-0,455761;0;-35,36653;21,9057;0,195694;0;-65,7566;0,399971;0;0,401688;-56,87827;2,181816;-210,9203;-189,5244;-41,48712;1,240253;0,152779;0,132179
83;1328;00:00:01:368;0;0;0;-1,734852;-2,134392;4,236008;-3,538223;-2,924313;8,566997;-5,267231;-3,493159;12,22205;-6,652688;-3,895288;14,99159;-2,182957;-1,411505;3,460785;-8,740389;-1,460731;7,208534;-13,12955;-1,784072;9,749235;-15,41806;-1,819422;11,19182;-17,19258;-1,73199;12,41198;-2,766442;-0,507626;2,451265;-9,606201;-0,085283;5,624116;-14,65972;0,683368;7,991227;-17,29132;1,3186;9,406785;-19,34676;2,017513;10,67238;-3,31591;0,259204;1,500402;-9,80864;1,110478;3,803358;-14,25149;1,737796;5,970397;-16,52645;2,467039;7,425533;-18,32962;3,437293;8,933996;-3,839211;1,030962;0,594918;-9,493375;2,299284;1,764098;-13,07854;2,886692;3,357951;-14,85178;3,315231;4,253235;-16,76386;3,963631;5,366181;-45,85627;44,16253;124,1438;15,77517;18,91796;-115,2781;18,86924;18,91795;-115,2781;20,4043;18,86829;-114,8177;20,40431;18,86829;-114,8177;-46,23625;44,16253;124,1438;-47,87371;41,80991;125,3003;-43,81379;42,35942;125,9642;-39,28366;42,99622;126,9961;-39,45078;42,84879;126,7507;-50,9314;48,19146;117,6436;-49,19815;49,97866;114,8189;-45,55227;48,56965;112,7616;-41,76302;47,53172;110,7802;-41,58485;47,67648;111,0214;-57,32034;52,08787;109,3746;-49,5898;47,86486;114,2293;-40,90881;46,50272;112,1618;-34,07086;44,2727;107,6233;-33,8517;44,42368;107,9369;-69,04573;56,42363;95,05235;-51,77741;49,5085;111,6143;-48,5166;48,31008;109,8501;-46,26886;45,70608;105,6691;-46,06675;45,91075;105,951;0;0;0;-106,9548;130,9973;-36,83207;-164,2514;114,6216;-73,05322;-191,6957;93,8841;-92,85749;-205,1216;76,37707;-103,9476;-11,1174;84,6237;9,702711;382,438;90,46011;238,1986;634,1843;124,8211;390,2075;765,2675;124,668;465,9188;866,7572;108,9757;521,5693;112,3459;28,29272;70,30135;570,4694;5,838304;330,7115;924,2788;-60,94932;522,4648;1109,251;-126,8222;616,816;1254,266;-205,1709;685,697;225,6158;-15,61432;127,3781;706,1464;-63,79025;395,8328;1011,885;-119,9208;561,8358;1168,538;-203,5207;636,443;1291,839;-323,2297;684,8954;334,9633;-61,92107;181,7313;807,1339;-135,0966;440,5919;1063,203;-184,3855;579,1781;1190,304;-227,0122;644,5048;1327,826;-297,7101;710,5056;0;0;0;0;0;0;-1,306057;4,528999;0,321865;-2,456903;8,422851;0,633001;-3,337383;11,4001;0,879765;0;0;0;0;0;0;-0,426292;-1,754522;0,432015;-0,663757;-2,691507;0,635147;-0,846863;-3,436089;0,775337;0;0;0;0;0;0;-5,167007;0,344038;0,271797;-7,965087;0,53072;0,417709;-10,21957;0,680923;0,537872;0;0;0;0;0;0;-4,400253;-0,11301;0,904083;-6,820679;-0,174522;1,390457;-8,943557;-0,227451;1,791;0;0;0;0;0;0;-2,569198;0,47493;-0,11158;-3,873825;0,719547;-0,160217;-5,350112;0,994205;-0,22316;11,06452;14,65457;15,06028;16,02021;15,88256;41,52466;3,094147;1,386351;2,253335;-2,829024;3,614547;3,830577;-8,596263;3,5222;5,204168;5,264252;-7,631109;3,552588;10,19543;10,06449;-9,994106;3,412543;4,591243;5,312716;-1,095543;0,176926;0;0;0,130334;0,170131;0;0;0,854702;-0,003333;-0,00226;-0,002232;0,87101;-0,029755;0,001202;-0,001144;0,587654;-0,020657;-0,002575;0,002203;-65,73257;10,61554;0;0;18,14117;5,978106;0;0;44,87571;-0,199986;-0,135613;-0,267792;56,87999;-1,983547;0,144196;-0,068665;25,20675;-0,827408;-0,154495;0,132179
84;1344;00:00:01:384;0;0;0;-1,733604;-2,134714;4,236356;-3,536297;-2,924845;8,567589;-5,264739;-3,493877;12,22288;-6,649768;-3,896151;14,99261;-2,181961;-1,411823;3,461283;-8,73842;-1,461692;7,210726;-13,12676;-1,784062;9,75296;-15,41479;-1,818893;11,19633;-17,18888;-1,731049;12,41709;-2,765771;-0,507938;2,451957;-9,604739;-0,086231;5,626597;-14,6576;0,68175;7,995314;-17,28815;1,317814;9,412462;-19,342;2,018225;10,6798;-3,31554;0,258898;1,501272;-9,807734;1,1096;3,805948;-14,24997;1,736304;5,974404;-16,52457;2,465208;7,430295;-18,32737;3,435169;8,939383;-3,839131;1,03066;0,59596;-9,49308;2,298524;1,766662;-13,0778;2,885402;3,361723;-14,8508;3,313671;4,257615;-16,76259;3,961768;5,37123;-45,84126;44,15198;124,1583;15,76633;18,91583;-115,2783;18,8604;18,91583;-115,2783;20,39545;18,86623;-114,8179;20,39546;18,86623;-114,8179;-46,22124;44,15199;124,1583;-47,84759;41,80356;125,3086;-43,78755;42,35286;125,9728;-39,25732;42,9893;127,0049;-39,42447;42,84195;126,7594;-50,91358;48,18221;117,6609;-49,17584;49,96772;114,8418;-45,50071;48,55923;112,7841;-41,68561;47,52249;110,8016;-41,50727;47,66705;111,0432;-57,29902;52,08041;109,3955;-49,56818;47,85392;114,2513;-40,88718;46,49232;112,1835;-34,04898;44,26351;107,6446;-33,82986;44,41441;107,9581;-69,01946;56,41964;95,07832;-51,75329;49,49757;111,6391;-48,49255;48,29964;109,8746;-46,24493;45,69685;105,6927;-46,04279;45,90145;105,9747;0;0;0;-107,1037;131,0676;-36,85771;-164,4933;114,8464;-73,08071;-192,0131;94,24379;-92,89481;-205,4952;76,84048;-103,9952;-11,23499;84,6903;9,655639;382,2109;90,64926;237,9613;633,9001;125,0049;389,8354;764,9513;124,8493;465,4721;866,4149;109,1555;521,0611;112,2686;28,35457;70,22681;570,305;6,01941;330,433;924,012;-60,63076;521,9691;1108,923;-126,5217;616,1896;1253,878;-204,9514;684,9417;225,5753;-15,55694;127,2786;706,0493;-63,62792;395,5346;1011,693;-119,6328;561,3474;1168,29;-203,1624;635,8504;1291,539;-322,8097;684,2134;334,9585;-61,86795;181,6077;807,1104;-134,9619;440,2891;1063,111;-184,1639;578,7367;1190,176;-226,7461;643,9929;1327,656;-297,3937;709,9147;0;0;0;-8,931397;4,215002;-1,538157;-14,51182;13,48901;-1,64938;-19,04368;21,58105;-2,239465;-22,41754;27,80449;-2,858877;-7,055551;3,995776;-2,824366;-13,62562;11,34932;-14,23502;-17,05456;11,02853;-22,33028;-18,96858;10,88118;-26,80206;-20,54214;10,78606;-30,49564;-4,641294;3,710925;-4,472494;-9,867667;10,86634;-16,70551;-16,01028;19,11342;-29,74605;-19,69528;18,03303;-37,58525;-23,23723;13,17358;-45,31574;-2,429008;3,442526;-5,966663;-5,825042;9,739636;-17,88854;-11,54137;17,27915;-29,30545;-14,88876;21,49343;-35,55393;-17,99011;25,20418;-40,92121;-0,291824;3,18718;-7,419347;-1,407623;8,084535;-18,16749;-5,527496;13,29231;-26,48449;-7,678985;15,96165;-30,7188;-10,15663;18,98289;-35,45665;11,06318;14,65173;15,05843;16,01834;15,87912;41,51816;3,094084;1,386351;2,247509;-2,813482;3,614547;3,830577;-8,592789;3,522145;5,233491;5,29065;-7,627431;3,552367;10,19541;10,06449;-9,989324;3,41237;4,591243;5,312716;-0,206623;-0,390015;-0,003805;0;-0,349617;0,932522;0;0;0,208454;-0,003347;1,759386;1,583919;0,220699;-0,013232;-0,001202;0;0,286961;-0,010328;0;0;53,33519;-34,01641;-0,22831;0;-28,79705;45,74346;0;0;-38,77487;-0,000858;105,6988;95,16905;-39,01863;0,991344;-0,144196;0,068665;-18,04161;0,619698;0,154495;-0,132179
85;1360;00:00:01:400;0;0;0;-1,732473;-2,134581;4,236885;-3,533518;-2,924239;8,56889;-5,260559;-3,492849;12,22491;-6,644523;-3,894795;14,99522;-2,181008;-1,411648;3,461956;-8,736305;-1,460962;7,213436;-13,12331;-1,781893;9,758159;-15,41054;-1,815961;11,20281;-17,18393;-1,727514;12,42455;-2,765054;-0,507708;2,452815;-9,602997;-0,08542;5,629584;-14,65486;0,682572;8,000425;-17,28481;1,318633;9,418691;-19,33812;2,019033;10,68691;-3,315051;0,25918;1,502304;-9,806454;1,110438;3,809003;-14,24791;1,737391;5,978999;-16,52195;2,466416;7,435685;-18,32417;3,436465;8,945413;-3,838856;1,030992;0,597158;-9,492331;2,299344;1,769624;-13,07647;2,886447;3,365902;-14,84914;3,314825;4,2624;-16,76051;3,963039;5,37667;-45,82091;44,14177;124,1675;15,74604;18,90276;-115,2912;18,84011;18,90274;-115,2912;20,37506;18,85331;-114,8308;20,37506;18,85331;-114,8308;-46,20089;44,14177;124,1675;-47,80769;41,7901;125,32;-43,74752;42,33904;125,9845;-39,21722;42,97498;127,0171;-39,38438;42,82774;126,7715;-50,89008;48,17371;117,6735;-49,1443;49,95523;114,8645;-45,46939;48,54747;112,8061;-41,65434;47,51145;110,8233;-41,47599;47,65593;111,0648;-57,27183;52,07425;109,412;-49,5421;47,84481;114,2669;-40,86129;46,48385;112,1985;-34,02324;44,25646;107,6588;-33,80408;44,40727;107,9724;-68,98742;56,41781;95,10002;-51,72617;49,48959;111,6557;-48,46572;48,29221;109,8907;-46,21867;45,69073;105,7075;-46,01646;45,89524;105,9896;0;0;0;-107,1785;131,0869;-36,87863;-164,6148;114,8489;-73,12904;-192,174;94,23203;-92,96804;-205,6861;76,81787;-104,0879;-11,29476;84,70937;9,625732;382,0927;90,7069;237,8298;633,71;124,9077;389,6156;764,72;124,6696;465,2042;866,1479;108,9101;520,7539;112,2283;28,37329;70,1853;570,2173;6,076298;330,2842;923,8427;-60,53384;521,7303;1108,667;-126,4748;615,8588;1253,509;-204,9945;684,5089;225,5531;-15,53855;127,2264;705,995;-63,57529;395,3792;1011,59;-119,5429;561,1087;1168,158;-203,052;635,5673;1291,379;-322,6815;683,8937;334,9537;-61,84987;181,5452;807,0928;-134,9163;440,1352;1063,059;-184,0863;578,5117;1190,105;-226,6522;643,7322;1327,564;-297,2816;709,6147;0;0;0;-4,493236;1,158714;-1,255274;-7,290601;0,150919;-2,899647;-9,65309;-0,705242;-4,393458;-11,44838;-1,356482;-5,557537;-3,586113;1,143694;-1,794398;-7,092476;3,458619;-7,893561;-11,40404;-5,830764;-13,18502;-13,87882;-10,78463;-16,07323;-16,016;-14,72354;-18,43071;-2,415418;1,123309;-2,49052;-5,261421;3,413267;-8,930682;-10,16235;5,815386;-14,32514;-15,35797;2,812385;-19,84978;-22,19009;-2,586365;-25,96951;-1,331806;1,103908;-3,132105;-3,261566;3,157854;-9,322642;-6,191253;5,392313;-14,31942;-7,942199;6,626129;-16,99161;-9,613036;7,691859;-19,18316;-0,288963;1,085043;-3,750085;-1,058578;2,733707;-9,23252;-3,152847;4,655599;-13,50117;-4,25148;5,633354;-15,64121;-5,556106;6,729126;-17,99869;11,06275;14,65136;15,05861;16,01859;15,88694;41,5207;3,09402;1,38621;2,251424;-2,795264;3,614493;3,830577;-8,585494;3,522089;5,233454;5,29065;-7,625012;3,552312;10,19545;10,06447;-9,987413;3,412313;4,591286;5,312753;0,469437;0,152664;-0,003791;-0,008469;0,234933;1,093082;-0,003247;0;0,437679;-0,003333;-0,00226;0;0,145111;-0,003304;0,002346;-0,001202;0,114613;-0,003448;0,002575;0,002232;40,56358;32,56073;0,000858;-0,508118;35,07299;9,633639;-0,194836;0;13,75351;0,000858;-105,6988;-95,03516;-4,535294;0,595665;0,21286;-0,072098;-10,34088;0,412846;0,154495;0,133896
86;1376;00:00:01:416;0;0;0;-1,730023;-2,136803;4,236767;-3,529181;-2,930375;8,568841;-5,254675;-3,502386;12,22506;-6,637481;-3,906944;14,99557;-2,179111;-1,413706;3,462311;-8,732821;-1,466576;7,216515;-13,11839;-1,788013;9,763644;-15,40481;-1,822367;11,20958;-17,17751;-1,73416;12,43233;-2,763865;-0,509552;2,453772;-9,600611;-0,090683;5,633569;-14,65105;0,673327;8,008722;-17,28024;1,307213;9,429364;-19,33295;2,005827;10,69955;-3,314503;0,257537;1,503794;-9,805209;1,10583;3,813545;-14,24542;1,729342;5,987074;-16,51804;2,457458;7,446431;-18,31804;3,427374;8,9589;-3,838931;1,029541;0,599172;-9,492315;2,29564;1,774505;-13,0756;2,880052;3,373682;-14,84784;3,307041;4,271688;-16,75874;3,953679;5,38768;-45,81099;44,10957;124,1925;15,70857;18,93087;-115,2764;18,80265;18,93086;-115,2764;20,33784;18,88171;-114,8159;20,33784;18,8817;-114,8159;-46,19096;44,10957;124,1925;-47,78086;41,7626;125,3381;-43,72089;42,31131;126,0027;-39,19101;42,94688;127,0352;-39,35805;42,79974;126,7897;-50,874;48,14251;117,7036;-49,10264;49,90809;114,9267;-45,42639;48,50134;112,8687;-41,60984;47,46635;110,8865;-41,43165;47,61069;111,128;-57,24726;52,04494;109,4495;-49,50483;47,79995;114,324;-40,79334;46,43993;112,256;-33,92688;44,21638;107,7158;-33,70781;44,3668;108,0295;-68,94789;56,39312;95,15108;-51,68435;49,44601;111,717;-48,42288;48,24948;109,9521;-46,17352;45,65019;105,7693;-45,97144;45,85456;106,0514;0;0;0;-107,2464;131,0789;-36,91037;-164,8199;114,9061;-73,20892;-192,497;94,34402;-93,09187;-206,0991;76,97144;-104,2464;-11,35196;84,69888;9,585409;381,9659;90,66313;237,6672;633,5345;124,6601;389,3107;764,5139;124,3137;464,8218;865,9132;108,4683;520,3091;112,1853;28,35948;70,13384;570,1127;6,027579;330,105;923,5311;-60,58382;521,4457;1108,24;-126,5249;615,5192;1252,985;-205,0442;684,1257;225,5237;-15,55548;127,1645;705,9181;-63,62556;395,1959;1011,352;-119,6047;560,8483;1167,815;-203,2024;635,2479;1290,926;-322,9704;683,4851;334,9371;-61,86978;181,4733;807,0479;-134,9655;439,9574;1062,888;-184,1469;578,277;1189,868;-226,7182;643,4692;1327,25;-297,3533;709,3215;0;0;0;-4,072666;-0,475645;-1,904368;-12,3074;3,42679;-4,792928;-19,382;6,718755;-7,429718;-24,78361;9,213923;-9,51147;-3,431886;-0,629425;-2,419352;-7,611751;-2,626419;-9,754657;-10,52856;-14,853;-18,29481;-12,37106;-21,35539;-22,9454;-14,08195;-26,50666;-26,69048;-2,584219;-0,828624;-3,087759;-6,274223;-2,923094;-10,75172;-18,69392;-2,999067;-17,08031;-25,60616;-3,006935;-20,37334;-31,42547;-2,982616;-22,99118;-1,76239;-1,01611;-3,716468;-4,611969;-3,016233;-11,00063;-14,30511;-3,709316;-15,62691;-20,55931;-9,026526;-19,16027;-27,21977;-17,33923;-24,5161;-0,991344;-1,194477;-4,314422;-2,695083;-2,949714;-10,66589;-10,2253;-3,630638;-14,08195;-14,1964;-3,958225;-15,77568;-18,82553;-4,304409;-17,58957;11,0627;14,64894;15,05553;16,01689;15,86492;41,52729;3,094084;1,386351;2,244982;-2,773188;3,614547;3,830526;-8,560339;3,521978;5,233454;5,290688;-7,602923;3,551485;10,22472;10,09079;-9,965276;3,411567;4,591286;5,312679;-1,321335;0,395279;0,003791;0,008469;-0,386539;1,324568;0,003247;-0,003061;1,509304;-0,006666;0;0,002232;1,325369;-0,04961;1,755924;1,579685;1,328258;-0,044761;0;-0,004435;-107,4463;14,55688;0,454903;1,016235;-37,28828;13,88911;0,389671;-0,183678;64,29748;-0,199986;0,135613;0,133896;70,81546;-2,778339;105,2147;94,8532;72,81875;-2,47879;-0,154495;-0,399971
87;1392;00:00:01:432;0;0;0;-1,729241;-2,136952;4,237011;-3,527829;-2,930764;8,569278;-5,252846;-3,502989;12,22569;-6,635293;-3,907714;14,99635;-2,178489;-1,413867;3,462636;-8,731602;-1,467132;7,217878;-13,11683;-1,788686;9,765585;-15,40305;-1,8231;11,21182;-17,1756;-1,734941;12,43481;-2,76345;-0,50973;2,454202;-9,599714;-0,091261;5,635088;-14,64984;0,672484;8,011009;-17,27953;1,305037;9,431316;-19,33335;2,00175;10,70075;-3,314278;0,257344;1,504322;-9,804663;1,105265;3,815114;-14,24474;1,728907;5,988881;-16,51727;2,4571;7,448347;-18,31716;3,427089;8,960889;-3,83889;1,029332;0,599794;-9,492154;2,29512;1,776042;-13,07522;2,879323;3,375793;-14,84734;3,306207;4,274085;-16,75809;3,95273;5,390389;-45,80116;44,10381;124,2024;15,7011;18,92955;-115,2755;18,79518;18,92954;-115,2756;20,33036;18,88045;-114,815;20,33036;18,88044;-114,815;-46,18113;44,10382;124,2024;-47,7725;41,75837;125,3453;-43,71251;42,30701;126,01;-39,18267;42,94247;127,0425;-39,3497;42,79534;126,797;-50,86252;48,13759;117,7151;-49,0909;49,90392;114,9384;-45,44406;48,49744;112,8802;-41,65333;47,46204;110,8985;-41,47529;47,60651;111,1398;-57,23379;52,04117;109,4631;-49,49918;47,80026;114,3274;-40,78784;46,44038;112,2592;-33,92166;44,21712;107,7187;-33,70257;44,36753;108,0324;-68,9317;56,39151;95,16755;-51,67182;49,44192;111,7295;-48,41048;48,24564;109,9643;-46,16133;45,64695;105,781;-45,95923;45,85126;106,0631;0;0;0;-107,3934;131,2122;-36,90326;-165,076;115,2836;-73,20029;-192,8423;94,93385;-93,09048;-206,511;77,7243;-104,2533;-11,46575;84,82233;9,564086;381,7568;90,99998;237,4825;633,2512;125,0251;388,9821;764,1879;124,6945;464,4167;865,5513;108,8626;519,8432;112,114;28,47012;70,07643;569,9695;6,343362;329,8659;923,3059;-60,02908;520,9473;1107,976;-125,7471;614,8916;1252,697;-204,0172;683,4138;225,4909;-15,45692;127,0751;705,8434;-63,34904;394,9233;1011,24;-119,1229;560,3587;1167,64;-202,6667;634,5954;1290,634;-322,4273;682,6659;334,9417;-61,78271;181,3524;807,0469;-134,7433;439,6646;1062,837;-183,7631;577,8101;1189,79;-226,2511;642,912;1327,144;-296,7917;708,6609;0;0;0;-8,819102;7,997989;0,426471;-15,36584;22,65572;0,517488;-20,71738;35,39049;0,08297;-24,71065;45,17197;-0,418425;-6,827563;7,407545;-1,279414;-12,54416;20,21134;-11,0836;-17,0002;21,89541;-19,71817;-19,55223;22,8517;-24,30439;-21,71516;23,66066;-27,95219;-4,277944;6,63811;-3,444672;-8,58879;18,94694;-14,3466;-13,50975;33,28442;-29,90055;-15,83862;46,669;-37,65678;-17,25197;61,61927;-42,71221;-1,971245;5,913645;-5,363702;-4,480361;16,59107;-16,35361;-6,671906;28,90849;-29,37126;-10,53429;32,14502;-39,15023;-17,4694;32,58705;-49,15523;0,271797;5,22387;-7,251262;-0,05722;13,33308;-17,56954;-3,112793;23,02265;-28,01228;-4,669189;28,02372;-33,43677;-6,368637;33,69569;-39,63661;11,06257;14,64973;15,0563;16,01662;15,86231;41,52591;3,093957;1,386069;2,242714;-2,772694;3,614601;3,830577;-8,560913;3,521978;5,204206;5,264326;-7,61025;3,551761;10,22474;10,09079;-9,965276;3,411567;4,591286;5,312679;-0,15667;-0,082855;-0,007596;-0,016937;-0,13607;0,02964;0,003262;0,003061;-0,034447;0;-1,754866;-1,581688;-0,439625;0,016537;0,001202;0;0;0;0;0;69,87991;-28,68805;-0,683212;-1,524353;15,02809;-77,69565;0,000858;0,367355;-92,62503;0,399971;-105,2919;-95,03516;-105,8996;3,968811;-105,2833;-94,7811;-79,6955;2,685642;0;0,266075
88;1408;00:00:01:448;0;0;0;-1,728008;-2,137799;4,237087;-3,52566;-2,933368;8,56942;-5,249909;-3,50712;12,22596;-6,631778;-3,913019;14,99674;-2,177524;-1,414659;3,46292;-8,729781;-1,469323;7,219632;-13,11446;-1,791828;9,768167;-15,40039;-1,826755;11,21485;-17,1727;-1,739009;12,43821;-2,76283;-0,510449;2,454751;-9,59843;-0,093332;5,637242;-14,64778;0,668693;8,015356;-17,27705;1,300309;9,436855;-19,33052;1,996254;10,70727;-3,313972;0,256694;1,505109;-9,803944;1,103436;3,817491;-14,24338;1,725672;5,992972;-16,51554;2,453074;7,453399;-18,3151;3,422362;8,966786;-3,838887;1,028748;0,600813;-9,49205;2,293632;1,778522;-13,07466;2,876728;3,379683;-14,84655;3,303043;4,278698;-16,75705;3,948921;5,395825;-45,79286;44,08956;124,2155;15,68319;18,94169;-115,2692;18,77726;18,94168;-115,2692;20,31256;18,89272;-114,8087;20,31257;18,89272;-114,8087;-46,17284;44,08957;124,2155;-47,76656;41,74484;125,3568;-43,70675;42,29344;126,0214;-39,17716;42,92883;127,0538;-39,34414;42,78172;126,8083;-50,85124;48,12411;117,7309;-49,06701;49,88262;114,9702;-45,41969;48,4767;112,9119;-41,6284;47,44187;110,9304;-41,45041;47,58627;111,1717;-57,21853;52,0289;109,4825;-49,47875;47,78099;114,3548;-40,76694;46,42162;112,2867;-33,89954;44,19957;107,7464;-33,68053;44,34987;108,0601;-68,90981;56,38194;95,19319;-51,6492;49,42326;111,7591;-48,38754;48,22745;109,9938;-46,13764;45,62993;105,8103;-45,93556;45,83418;106,0925;0;0;0;-107,4403;131,2211;-36,91792;-165,1759;115,3592;-73,22551;-192,9872;95,06718;-93,1258;-206,6903;77,90196;-104,2967;-11,50305;84,83202;9,544596;381,6836;91,03331;237,4007;633,1636;125,0706;388,8657;764,092;124,7465;464,2824;865,4485;108,9196;519,6951;112,0891;28,48081;70,05061;569,9158;6,378092;329,7747;923,1598;-59,97886;520,8212;1107,821;-125,617;614,7913;1252,577;-203,7731;683,3637;225,4774;-15,4453;127,0434;705,8107;-63,31518;394,8293;1011,15;-119,0953;560,2569;1167,516;-202,643;634,4907;1290,481;-322,4072;682,5596;334,9392;-61,7702;181,3151;807,0372;-134,7121;439,5725;1062,774;-183,7184;577,6904;1189,7;-226,1997;642,7787;1327,022;-296,7327;708,5131;0;0;0;-2,815246;0,535011;-0,879765;-5,993843;4,535436;-1,512766;-8,695363;7,999062;-2,118945;-10,76174;10,65981;-2,601385;-2,238303;0,581503;-1,169443;-4,388809;1,999497;-4,908084;-5,25856;2,730846;-6,983757;-5,756378;3,115654;-8,05664;-6,162643;3,415346;-8,886336;-1,494169;0,641406;-1,548886;-3,227234;2,083808;-5,468845;-8,766173;3,01373;-7,564544;-9,326934;7,805585;-6,016731;-7,232665;14,64271;-3,006935;-0,808239;0,697374;-1,901865;-1,968384;2,031684;-5,644798;-5,435943;1,654387;-6,108284;-7,421493;1,423359;-6,285667;-9,212493;1,207352;-6,374359;-0,148773;0,751019;-2,239465;-0,577927;1,871109;-5,527496;-3,77655;2,681494;-7,178306;-5,424499;3,088474;-7,996558;-7,312774;3,537655;-8,872031;11,0627;14,64845;15,0555;16,01589;15,84983;41,52888;3,094084;1,38621;2,241579;-2,773682;3,614547;3,830577;-8,548448;3,521922;5,204206;5,264326;-7,600652;3,55143;10,22472;10,09081;-9,955543;3,411223;4,591286;5,312716;-0,748501;0,178528;0,007596;0,008469;-0,068092;-0,05928;-0,003262;0;0,747929;-0,003333;0;0;0,575895;-0,019841;-0,001202;0,001144;0,583992;-0,020657;0;0,002203;-35,50987;15,68298;0,911522;1,524353;4,078674;-5,335235;-0,391388;-0,183678;46,94251;-0,199986;105,2919;94,90126;60,9312;-2,182674;-0,144196;0,068665;35,03952;-1,239395;0;0,132179
89;1424;00:00:01:464;0;0;0;-1,728008;-2,137799;4,237087;-3,52566;-2,933368;8,56942;-5,249909;-3,50712;12,22596;-6,631778;-3,913019;14,99674;-2,177524;-1,414659;3,46292;-8,729781;-1,469323;7,219632;-13,11454;-1,791355;9,768082;-15,40051;-1,82603;11,21471;-17,17284;-1,738082;12,43802;-2,76283;-0,510449;2,454751;-9,59843;-0,093332;5,637242;-14,64774;0,6686;8,015477;-17,27698;1,300166;9,437042;-19,33044;1,996071;10,70751;-3,313972;0,256694;1,505109;-9,803944;1,103436;3,817491;-14,24338;1,725672;5,992972;-16,51554;2,453074;7,453399;-18,3151;3,422362;8,966786;-3,838887;1,028748;0,600813;-9,49205;2,293632;1,778522;-13,07466;2,876728;3,379683;-14,84655;3,303043;4,278698;-16,75705;3,948921;5,395825;-45,79286;44,08956;124,2155;15,68319;18,94169;-115,2692;18,77726;18,94168;-115,2692;20,31256;18,89272;-114,8087;20,31257;18,89272;-114,8087;-46,17284;44,08957;124,2155;-47,76572;41,74808;125,3529;-43,70584;42,29667;126,0176;-39,17616;42,93204;127,05;-39,34315;42,78495;126,8045;-50,85124;48,12411;117,7309;-49,06556;49,88157;114,9721;-45,41823;48,47569;112,9138;-41,6269;47,4409;110,9323;-41,44892;47,58529;111,1736;-57,21853;52,0289;109,4825;-49,47875;47,78099;114,3548;-40,76694;46,42162;112,2867;-33,89954;44,19957;107,7464;-33,68053;44,34987;108,0601;-68,90981;56,38194;95,19319;-51,6492;49,42326;111,7591;-48,38754;48,22745;109,9938;-46,13764;45,62993;105,8103;-45,93556;45,83418;106,0925;0;0;0;-107,5144;131,272;-36,92246;-165,306;115,5155;-73,234;-193,1634;95,31505;-93,14172;-206,9012;78,22028;-104,3197;-11,56097;84,87952;9,527563;381,5744;91,1648;237,2954;633,0439;125,2405;388,7125;763,9669;124,9372;464,1023;865,319;109,1272;519,4929;112,0518;28,52393;70,01766;569,8387;6,502329;329,6455;923,0272;-59,75143;520,5617;1107,658;-125,3334;614,4611;1252,389;-203,4435;682,9753;225,459;-15,4063;126,9962;705,7675;-63,20544;394,6866;1011,068;-118,9012;560,0115;1167,412;-202,4014;634,1875;1290,357;-322,1236;682,2057;334,9391;-61,73514;181,254;807,0309;-134,6228;439,4236;1062,74;-183,5628;577,4571;1189,653;-226,0099;642,5019;1326,959;-296,5042;708,1869;0;0;0;-4,441738;3,051996;-0,272334;-7,807731;9,375571;-0,50962;-10,57362;14,87267;-0,954866;-12,65144;19,0984;-1,379013;-3,474802;2,849936;-1,021922;-6,551743;7,889627;-6,314278;-7,181167;10,19525;-9,189605;-7,504462;11,44552;-10,80608;-7,776259;12,46047;-12,13074;-2,233028;2,58708;-1,976967;-4,626274;7,454216;-7,753371;-7,953643;13,64565;-15,57255;-9,784698;17,01736;-19,81544;-11,27815;19,77968;-23,30303;-1,104355;2,339691;-2,831697;-2,586365;6,584287;-8,56018;-4,903793;11,64579;-14,72568;-6,214141;14,4968;-18,18752;-7,427215;17,01736;-21,23451;-0,008583;2,103209;-3,667116;-0,377655;5,358696;-8,932113;-1,991272;9,340524;-14,00185;-2,820968;11,3883;-16,60824;-3,759384;13,71002;-19,5694;11,06307;14,64823;15,0555;16,01589;15,84983;41,52888;3,094084;1,38621;2,237297;-2,770151;3,614547;3,830577;-8,546816;3,521978;5,204206;5,264289;-7,600652;3,55143;10,22472;10,09081;-9,955543;3,411223;4,591286;5,312716;0;0;0;0;-0,256949;0,211844;0;0;0,097904;0,003333;0;-0,002232;0;0;0;0;0;0;0;0;44,91004;-10,71167;-0,455761;-0,508118;-11,33137;16,26749;0,195694;0;-39,00146;0,399971;0;-0,133896;-34,55371;1,190472;0,072098;-0,068665;-35,03952;1,239395;0;-0,132179
90;1440;00:00:01:480;0;0;0;-1,727558;-2,138498;4,236918;-3,524845;-2,935554;8,569127;-5,248802;-3,510592;12,2256;-6,630455;-3,917475;14,99634;-2,177182;-1,415289;3,462877;-8,729182;-1,47096;7,220026;-13,11359;-1,793459;9,769017;-15,39937;-1,828391;11,21595;-17,17154;-1,740653;12,4395;-2,762625;-0,510989;2,454869;-9,598042;-0,094824;5,637877;-14,64694;0,665744;8,017413;-17,27529;1,297757;9,440445;-19,32731;1,994836;10,71259;-3,31389;0,256238;1,505366;-9,803773;1,102171;3,818299;-14,24299;1,723521;5,994467;-16,51505;2,450413;7,455315;-18,31453;3,419239;8,969096;-3,838926;1,028372;0,601209;-9,492108;2,292663;1,779469;-13,07462;2,875173;3,381067;-14,84646;3,301183;4,280321;-16,75691;3,94671;5,39773;-45,7944;44,08106;124,2189;15,67287;18,95484;-115,2639;18,76695;18,95481;-115,2639;20,30236;18,90593;-114,8033;20,30236;18,90593;-114,8033;-46,17438;44,08107;124,2189;-47,76236;41,73848;125,3576;-43,70262;42,28704;126,0221;-39,17315;42,92239;127,0545;-39,3401;42,77529;126,809;-50,85145;48,11554;117,7352;-49,05488;49,86551;114,9902;-45,37769;48,45989;112,9322;-41,56001;47,42602;110,9501;-41,38193;47,57022;111,1917;-57,21677;52,0204;109,4883;-49,47421;47,76934;114,365;-40,76191;46,41008;112,2972;-33,89346;44,18835;107,7575;-33,67451;44,33863;108,0712;-68,90408;56,37399;95,20238;-51,64595;49,41331;111,7671;-48,3839;48,21757;110,0021;-46,13314;45,62026;105,8191;-45,93115;45,82447;106,1012;0;0;0;-107,5144;131,272;-36,92246;-165,328;115,5567;-73,2386;-193,2048;95,39159;-93,14944;-206,9575;78,32376;-104,3295;-11,56097;84,87952;9,527563;381,5744;91,1648;237,2954;633,0406;125,1902;388,7184;763,9612;124,8601;464,1111;865,3112;109,0287;519,5037;112,0518;28,52393;70,01766;569,8387;6,502329;329,6455;922,9577;-59,74615;520,5646;1107,546;-125,4179;614,4518;1252,235;-203,6677;682,933;225,459;-15,4063;126,9962;705,7675;-63,20544;394,6866;1011,043;-118,9005;560,0146;1167,374;-202,4002;634,1926;1290,307;-322,1221;682,2123;334,9391;-61,73514;181,254;807,0309;-134,6228;439,4236;1062,731;-183,5625;577,4587;1189,639;-226,0095;642,5044;1326,94;-296,5038;708,1903;0;0;0;0;0;0;-1,319647;2,474069;-0,276089;-2,483368;4,591941;-0,463843;-3,378868;6,209492;-0,590086;0;0;0;0;0;0;-0,197411;-3,017664;0,351906;-0,343323;-4,627704;0,529289;-0,469208;-5,909442;0,646591;0;0;0;0;0;0;-4,171371;0,316858;0,171661;-6,700516;-5,071163;-0,555038;-9,218215;-13,45396;-2,537727;0;0;0;0;0;0;-1,476288;0,042915;0,191689;-2,29454;0,067234;0,306129;-2,99263;0,087261;0,39196;0;0;0;0;0;0;-0,56076;0,01359;0,100136;-0,852585;0,020027;0,151634;-1,167297;0,02718;0,203133;11,06303;14,64637;15,05565;16,01637;15,84038;41,53308;3,09402;1,38621;2,238783;-2,766049;3,614601;3,830577;-8,53541;3,521867;5,233491;5,29065;-7,595899;3,551265;10,22472;10,09081;-9,95325;3,411165;4,591328;5,312716;-0,567284;0,25177;-0,003791;0;0,089207;0,246091;0,003262;0;0,684357;-0,006666;1,757126;1,581688;0,285187;-0,009928;0;0;0,137558;-0,003448;0,002546;0;-34,03702;15,1062;-0,227451;0;20,76931;2,054787;0,195694;0;35,18715;-0,599957;105,4275;95,03516;17,11121;-0,595665;0;0;8,253479;-0,206852;0,152779;0
91;1456;00:00:01:496;0;0;0;-1,72709;-2,138671;4,23702;-3,523921;-2,936023;8,569366;-5,247495;-3,511317;12,22598;-6,628858;-3,9184;14,99684;-2,176806;-1,415444;3,463049;-8,728427;-1,471365;7,220854;-13,11228;-1,794319;9,770741;-15,39818;-1,830604;11,21744;-17,17087;-1,744749;12,44039;-2,762368;-0,511123;2,45513;-9,597473;-0,095194;5,638837;-14,64594;0,664745;8,019504;-17,27404;1,296414;9,443138;-19,32585;1,993213;10,71577;-3,313743;0,256124;1,505708;-9,803409;1,101857;3,81932;-14,24234;1,722881;5,996161;-16,51422;2,449587;7,457375;-18,31353;3,418247;8,971467;-3,838885;1,028278;0,601629;-9,491971;2,292422;1,780498;-13,07432;2,874778;3,382519;-14,84608;3,300707;4,281986;-16,75641;3,946141;5,399633;-45,78926;44,07626;124,2236;15,66595;18,95527;-115,2644;18,76003;18,95526;-115,2644;20,29544;18,90643;-114,8037;20,29545;18,90643;-114,8037;-46,16924;44,07626;124,2236;-47,75223;41,72843;125,368;-43,72184;42,27691;126,0327;-39,2192;42,91249;127,0645;-39,38597;42,76526;126,8192;-50,84514;48,11119;117,741;-49,04093;49,85618;115,0059;-45,36362;48,45089;112,9477;-41,54578;47,41734;110,9656;-41,36772;47,56151;111,2071;-57,20897;52,01669;109,4956;-49,46491;47,76318;114,3746;-40,75252;46,40414;112,3067;-33,8838;44,18293;107,7669;-33,66487;44,3332;108,0807;-68,89405;56,37158;95,21183;-51,63807;49,40892;111,7746;-48,37602;48,21334;110,0095;-46,12522;45,61642;105,8263;-45,92321;45,82061;106,1084;0;0;0;-107,5414;131,3139;-36,91233;-165,3805;115,6941;-73,22198;-193,278;95,6115;-93,12974;-207,0462;78,60681;-104,308;-11,58151;84,91732;9,530111;381,5385;91,26299;237,2718;632,9468;125,3107;388,661;763,8368;125,0759;464,0364;865,1609;109,38;519,4235;112,0396;28,55636;70,0106;569,8155;6,591853;329,6075;922,8641;-59,57499;520,4554;1107,374;-125,2737;614,2582;1251,956;-203,594;682,6421;225,4541;-15,37893;126,9808;705,7573;-63,12954;394,6381;1011,004;-118,771;559,9271;1167,319;-202,2399;634,0811;1290,239;-321,9337;682,0781;334,9414;-61,71257;181,2302;807,0345;-134,5646;439,3668;1062,725;-183,4692;577,3763;1189,629;-225,8978;642,408;1326,925;-296,3709;708,0773;0;0;0;-1,620054;2,515554;0,60761;-3,148556;8,243321;0,997782;-4,393816;13,19468;1,182675;-5,324363;16,98303;1,293182;-1,232475;2,267718;0,152886;-2,157211;5,890846;-1,416206;-5,624771;7,226943;-3,43895;-7,467269;12,94756;-4,483222;-9,012221;21,07286;-4,81224;-0,735998;1,946032;-0,423789;-1,390457;5,371436;-2,285957;-5,619049;10,26964;-6,551743;-10,34546;8,655309;-11,61575;-16,74843;4,42028;-17,45796;-0,293255;1,642495;-0,926256;-0,617981;4,554033;-2,906799;-2,374649;7,772683;-5,252838;-3,295898;9,62305;-6,691933;-4,074096;11,30676;-8,050918;0,14019;1,353979;-1,425505;0,211716;3,486872;-3,407478;-0,349045;5,601167;-4,949569;-0,617981;6,704807;-5,787849;-0,909805;7,970809;-6,783485;11,06319;14,64542;15,05534;16,01639;15,83896;41,53381;3,094084;1,386351;2,245679;-2,764988;3,585285;3,804211;-8,527514;3,521811;5,233491;5,29065;-7,592721;3,551099;10,22472;10,09077;-9,95246;3,411108;4,591286;5,312753;-0,084858;0,043488;0,003791;0,008469;0,413747;0,063701;-1,758971;-1,581945;0,473728;-0,003333;0;0;0,190659;-0,009928;0;-0,002346;0,047379;-0,003433;-0,002546;0,002232;28,94554;-12,49695;0,454903;0,508118;19,47241;-10,94341;-105,734;-94,91671;-12,63771;0,199986;-105,4275;-94,90126;-5,671692;0;0;-0,140762;-5,410767;0,000858;-0,305557;0,133896
92;1472;00:00:01:512;0;0;0;-1,72709;-2,138671;4,23702;-3,523921;-2,936023;8,569366;-5,247495;-3,511317;12,22598;-6,628858;-3,9184;14,99684;-2,176806;-1,415444;3,463049;-8,728427;-1,471365;7,220854;-13,11237;-1,793839;9,770654;-15,39831;-1,829868;11,2173;-17,17102;-1,743809;12,4402;-2,762368;-0,511123;2,45513;-9,597473;-0,095194;5,638837;-14,64604;0,664959;8,019222;-17,27419;1,296744;9,442707;-19,32604;1,993636;10,71522;-3,313743;0,256124;1,505708;-9,803409;1,101857;3,81932;-14,24245;1,723108;5,995886;-16,51439;2,44994;7,456947;-18,31374;3,418709;8,970908;-3,838885;1,028278;0,601629;-9,491971;2,292422;1,780498;-13,07432;2,874778;3,382519;-14,84608;3,300707;4,281986;-16,75641;3,946141;5,399633;-45,78926;44,07626;124,2236;15,66595;18,95527;-115,2644;18,76003;18,95526;-115,2644;20,29544;18,90643;-114,8037;20,29545;18,90643;-114,8037;-46,16924;44,07626;124,2236;-47,75139;41,73174;125,3641;-43,72095;42,28021;126,0288;-39,21821;42,91577;127,0607;-39,38501;42,76855;126,8154;-50,84514;48,11119;117,741;-49,04427;49,85862;115,0015;-45,367;48,45325;112,9433;-41,54921;47,41963;110,9612;-41,37115;47,5638;111,2028;-57,20897;52,01669;109,4956;-49,46848;47,76595;114,3698;-40,75616;46,40682;112,3018;-33,88758;44,18542;107,7621;-33,66865;44,33569;108,0758;-68,89405;56,37158;95,21183;-51,63807;49,40892;111,7746;-48,37602;48,21334;110,0095;-46,12522;45,61642;105,8263;-45,92321;45,82061;106,1084;0;0;0;-107,5694;131,3243;-36,91848;-165,4359;115,7223;-73,23628;-193,3565;95,65499;-93,15231;-207,1421;78,66227;-104,3377;-11,60404;84,92667;9,519785;381,4932;91,2873;237,2221;632,8911;125,3434;388,5595;763,801;125,1798;463,9489;865,1654;109,5889;519,372;112,0242;28,56439;69,99494;569,7813;6,614049;329,5498;922,8254;-59,51492;520,3267;1107,332;-125,193;614,0917;1251,911;-203,4965;682,4445;225,4453;-15,37214;126,9603;705,7354;-63,11071;394,5768;1010,987;-118,7332;559,8226;1167,304;-202,1913;633,9529;1290,225;-321,8755;681,93;334,9389;-61,70695;181,205;807,0262;-134,5502;439,3051;1062,707;-183,4454;577,2891;1189,605;-225,8692;642,308;1326,895;-296,3368;707,9631;0;0;0;-1,681566;0,621557;-0,368893;-3,325939;1,689434;-0,858307;-4,707098;2,60961;-1,354337;-5,750656;3,32737;-1,780987;-1,351833;0,561118;-0,61959;-2,719402;1,459122;-2,982616;-3,344536;1,966953;-6,093978;-2,145767;6,23703;-5,252838;0,268936;12,53843;-3,089905;-0,925541;0,481904;-0,939488;-2,051353;1,331761;-3,458977;-2,317428;3,604173;-7,7219;-2,5177;4,84085;-9,993552;-2,677917;5,855083;-11,85322;-0,527859;0,407517;-1,229524;-1,310348;1,130104;-3,677845;-1,012802;2,26593;-6,268501;-0,915527;2,913952;-7,690429;-0,881195;3,489017;-8,883475;-0,148773;0,337243;-1,512051;-0,497818;0,867605;-3,705024;-1,081467;1,424074;-5,227088;-1,401901;1,715183;-5,993843;-1,785278;2,048492;-6,849289;11,06356;14,64592;15,05595;16,01639;15,83896;41,53381;3,094084;1,386351;2,241317;-2,761446;3,58523;3,804211;-8,531221;3,521867;5,233491;5,29065;-7,596984;3,551265;10,22472;10,09079;-9,95246;3,411108;4,591286;5,312753;0;0;0;0;-0,261712;0,212531;-0,003276;0;-0,222416;0,003333;0;0;-0,255776;0,009928;0;0,001202;0;0;0;0;5,091476;-2,609252;-0,227451;-0,508118;-40,52753;8,929824;105,3417;94,91671;-41,76864;0,399971;0;0;-26,78604;1,19133;0;0,21286;-2,842712;0,205994;0,152779;-0,133896
93;1488;00:00:01:528;0;0;0;-1,72724;-2,139268;4,236658;-3,523954;-2,937307;8,568926;-5,247425;-3,513176;12,2255;-6,628711;-3,920688;14,99633;-2,176915;-1,4159;3,462795;-8,728589;-1,472137;7,220501;-13,11224;-1,795623;9,770673;-15,39802;-1,832209;11,21755;-17,17061;-1,746607;12,44065;-2,762424;-0,511394;2,455011;-9,597556;-0,095679;5,63869;-14,64573;0,663473;8,020222;-17,27435;1,293497;9,443625;-19,32729;1,988116;10,71563;-3,313753;0,256027;1,505702;-9,803414;1,10167;3,819359;-14,24239;1,722605;5,996156;-16,51427;2,449213;7,457407;-18,31357;3,417742;8,971589;-3,838849;1,028347;0,601738;-9,491899;2,292544;1,78073;-13,0741;2,87443;3,383254;-14,84577;3,300105;4,283001;-16,75601;3,945233;5,400989;-45,79727;44,0692;124,2156;15,65976;18,96334;-115,2681;18,75384;18,96331;-115,2681;20,28932;18,91453;-114,8074;20,28932;18,91453;-114,8074;-46,17725;44,0692;124,2156;-47,7559;41,71671;125,3661;-43,72573;42,26521;126,0305;-39,22343;42,90085;127,0621;-39,39012;42,75361;126,8169;-50,85251;48,10353;117,733;-49,03825;49,84115;115,0108;-45,38953;48,43593;112,9531;-41,59676;47,4018;110,9723;-41,41895;47,54612;111,2135;-57,2151;52,0084;109,4883;-49,47261;47,75607;114,3659;-40,75965;46,39685;112,2984;-33,88983;44,17528;107,7597;-33,67097;44,32555;108,0733;-68,89697;56,36261;95,20695;-51,63631;49,39536;111,778;-48,37366;48,19981;110,0133;-46,12158;45,60306;105,8309;-45,91964;45,80724;106,1131;0;0;0;-107,5694;131,3243;-36,91848;-165,4468;115,7199;-73,24504;-193,3772;95,65052;-93,16805;-207,1703;78,65609;-104,3586;-11,60404;84,92667;9,519785;381,4932;91,2873;237,2221;632,8395;125,3319;388,5616;763,7211;125,1621;463,9535;865,0627;109,5662;519,3792;112,0242;28,56439;69,99494;569,7813;6,614049;329,5498;922,7461;-59,52814;520,3563;1107,215;-125,1207;614,1508;1251,771;-203,2879;682,5505;225,4453;-15,37214;126,9603;705,7354;-63,11071;394,5768;1010,978;-118,7464;559,8413;1167,289;-202,2117;633,9818;1290,205;-321,9023;681,9675;334,9389;-61,70695;181,205;807,0262;-134,5502;439,3051;1062,671;-183,4446;577,2954;1189,551;-225,8679;642,3175;1326,82;-296,335;707,9763;0;0;0;0;0;0;-0,654459;-0,139475;-0,525713;-1,241684;-0,268221;-0,944138;-1,692295;-0,37086;-1,255274;0;0;0;0;0;0;-3,095627;-0,691652;0,128746;-4,795074;-1,06287;0,274658;-6,162643;-1,361132;0,429153;0;0;0;0;0;0;-4,760742;-0,793219;1,779556;-7,02095;4,336595;3,544807;-8,422851;12,51125;6,357193;0;0;0;0;0;0;-0,555038;-0,791788;1,11866;-0,869751;-1,227379;1,730919;-1,144409;-1,609325;2,251625;0;0;0;0;0;0;-2,157211;0,052214;0,374794;-3,261566;0,077248;0,566483;-4,491806;0,107288;0,789642;11,06299;14,64555;15,0561;16,01579;15,8401;41,53667;3,094084;1,38621;2,252119;-2,764633;3,585285;3,804211;-8,516637;3,521755;5,204168;5,264289;-7,593987;3,551154;10,22472;10,09079;-9,943663;3,410821;4,591286;5,312679;0,068264;0,172119;0;-0,008469;0,648122;-0,191274;0,003276;0;0,875072;-0,00668;-1,759386;-1,581688;0,179815;-0,006623;0;0;0,527859;-0,017223;0;-0,004435;4,09584;10,32715;0;-0,508118;54,59003;-24,22828;0,393105;0;65,8493;-0,600815;-105,5631;-94,90126;26,13544;-0,993061;0;-0,072098;31,67152;-1,033401;0;-0,266075
94;1504;00:00:01:544;0;0;0;-1,726774;-2,139441;4,236761;-3,523026;-2,937766;8,569167;-5,24611;-3,513882;12,22588;-6,627104;-3,921585;14,99683;-2,17654;-1,416056;3,462967;-8,727837;-1,472543;7,221328;-13,11126;-1,795639;9,771945;-15,39647;-1,83091;11,21975;-17,16817;-1,743458;12,44401;-2,762168;-0,511528;2,455271;-9,596988;-0,096048;5,63965;-14,64487;0,662786;8,021901;-17,27333;1,292637;9,445688;-19,32612;1,987112;10,718;-3,313607;0,255914;1,506044;-9,803054;1,101356;3,82038;-14,24174;1,721967;5,997846;-16,51345;2,448391;7,459459;-18,31258;3,416756;8,97395;-3,838809;1,028253;0,602158;-9,491765;2,292304;1,781758;-13,07377;2,873949;3,384813;-14,84533;3,299498;4,284827;-16,75545;3,944486;5,403113;-45,79212;44,06441;124,2202;15,65283;18,96365;-115,2687;18,74691;18,96363;-115,2686;20,2824;18,9149;-114,808;20,2824;18,91489;-114,808;-46,1721;44,06441;124,2202;-47,74845;41,71475;125,3669;-43,68894;42,26319;126,0314;-39,15993;42,89833;127,0635;-39,32676;42,7513;126,8181;-50,8462;48,09916;117,7388;-49,02921;49,83539;115,02;-45,3804;48,43039;112,9622;-41,58756;47,39647;110,9813;-41,40975;47,54075;111,2226;-57,20731;52,0047;109,4955;-49,46334;47,74992;114,3754;-40,75031;46,39094;112,3079;-33,88022;44,1699;107,7691;-33,66138;44,32014;108,0827;-68,88693;56,36021;95,21642;-51,62657;49,3897;111,788;-48,3639;48,19436;110,0232;-46,1117;45,59809;105,8406;-45,90977;45,80223;106,1227;0;0;0;-107,5604;131,3602;-36,89673;-165,4485;115,8025;-73,21965;-193,388;95,7723;-93,14086;-207,1881;78,80733;-104,3303;-11,59754;84,95403;9,535028;381,5029;91,33363;237,2433;632,8518;125,4122;388,5626;763,7346;125,1785;463,9395;865,0784;109,4735;519,3421;112,0275;28,58067;70,0021;569,7863;6,64312;329,5587;922,7132;-59,43904;520,2985;1107,202;-124,926;614,099;1251,817;-202,9568;682,53;225,4459;-15,36629;126,9606;705,7357;-63,09945;394,5745;1010,958;-118,7157;559,8272;1167,257;-202,1674;633,9574;1290,162;-321,8433;681,931;334,9368;-61,71106;181,1984;807,0218;-134,5575;439,2911;1062,646;-183,4235;577,2534;1189,515;-225,8314;642,2596;1326,772;-296,2799;707,8991;0;0;0;0,539303;2,150774;1,304984;-0,09656;4,955291;1,523495;-0,646591;7,307052;1,630783;-1,071453;9,074449;1,695156;0,390261;1,641154;0,914633;0,585079;2,779484;1,271725;0,738144;4,817962;0,058651;0,80967;0,985622;-0,835419;0,938415;-5,563259;-2,223015;0,199556;0,976503;0,429153;0,297546;1,744285;0,53215;-1,974106;5,345463;-3,473282;-0,766754;11,6837;-3,107071;2,76947;19,86694;-1,23024;0,034332;0,350654;0,018597;0,020027;0,675559;-0,13876;-1,190185;1,841783;-0,844002;-1,922607;2,659321;-1,461983;-2,597809;3,540516;-2,191543;-0,128746;-0,246048;-0,394106;-0,263214;-0,439167;-0,835419;-1,504898;1,266003;-2,5177;-2,151489;2,192974;-3,473282;-2,901077;3,304482;-4,629135;11,06234;14,64534;15,05579;16,01555;15,83885;41,53738;3,094084;1,38621;2,248205;-2,759602;3,614601;3,830526;-8,514192;3,521755;5,204168;5,264289;-7,590833;3,551044;10,22472;10,09081;-9,940815;3,410706;4,591286;5,312679;-0,075016;0,042343;0;0;-0,234847;0,301881;1,758971;1,578884;0,146713;0;0;0;0,189228;-0,006609;0;0,001144;0,17086;-0,006895;0;0;-8,596801;-7,786559;0;0,508118;-52,97813;29,58927;105,3417;94,73303;-43,70155;0,400829;105,5631;94,90126;0,564766;0,000858;0;0,068665;-21,41991;0,619698;0;0,266075
95;1520;00:00:01:560;0;0;0;-1,726774;-2,139441;4,236761;-3,523026;-2,937766;8,569167;-5,24611;-3,513882;12,22588;-6,627104;-3,921585;14,99683;-2,17654;-1,416056;3,462967;-8,727837;-1,472543;7,221328;-13,11132;-1,795749;9,771825;-15,39657;-1,831079;11,21957;-17,16831;-1,743675;12,44378;-2,762168;-0,511528;2,455271;-9,596988;-0,096048;5,63965;-14,64478;0,662603;8,02214;-17,27319;1,292355;9,446054;-19,32595;1,986751;10,71848;-3,313607;0,255914;1,506044;-9,803054;1,101356;3,82038;-14,24174;1,721967;5,997846;-16,51345;2,448391;7,459459;-18,31258;3,416756;8,97395;-3,838809;1,028253;0,602158;-9,491765;2,292304;1,781758;-13,07377;2,873949;3,384813;-14,84533;3,299498;4,284827;-16,75545;3,944486;5,403113;-45,79212;44,06441;124,2202;15,65283;18,96365;-115,2687;18,74691;18,96363;-115,2686;20,2824;18,9149;-114,808;20,2824;18,91489;-114,808;-46,1721;44,06441;124,2202;-47,75063;41,71509;125,3665;-43,69115;42,26355;126,031;-39,16215;42,89872;127,063;-39,32897;42,75168;126,8176;-50,8462;48,09916;117,7388;-49,02636;49,83331;115,0237;-45,37754;48,42835;112,9659;-41,58464;47,39452;110,985;-41,40683;47,5388;111,2263;-57,20731;52,0047;109,4955;-49,46334;47,74992;114,3754;-40,75031;46,39094;112,3079;-33,88022;44,1699;107,7691;-33,66138;44,32014;108,0827;-68,88693;56,36021;95,21642;-51,62657;49,3897;111,788;-48,3639;48,19436;110,0232;-46,1117;45,59809;105,8406;-45,90977;45,80223;106,1227;0;0;0;-107,5884;131,3705;-36,9029;-165,5041;115,8301;-73,23414;-193,4668;95,81466;-93,16398;-207,2845;78,86113;-104,3605;-11,62002;84,96338;9,524702;381,4578;91,35796;237,1937;632,7956;125,4233;388,486;763,6455;125,1162;463,8069;864,937;109,3045;519,1405;112,0121;28,5887;69,98647;569,7522;6,665316;329,501;922,6432;-59,39792;520,2004;1107,112;-124,8745;613,9794;1251,71;-202,8968;682,3932;225,4372;-15,3595;126,9401;705,7141;-63,08062;394,5133;1010,919;-118,6774;559,7258;1167,208;-202,1181;633,8343;1290,103;-321,7842;681,7894;334,9344;-61,70544;181,1733;807,0139;-134,5431;439,2294;1062,626;-183,3946;577,1599;1189,489;-225,795;642,1501;1326,738;-296,2351;707,7716;0;0;0;-1,67942;0,622272;-0,370145;-3,34096;1,652241;-0,869036;-4,731416;2,541303;-1,386881;-5,782127;3,227949;-1,808166;-1,349151;0,561118;-0,61959;-2,709388;1,459837;-2,976894;-3,373146;0,665188;-4,599094;-5,34439;-3,742933;-7,956504;-8,480071;-10,14161;-12,0964;-0,921249;0,482082;-0,938058;-2,045631;1,331761;-3,457546;-4,199981;2,467632;-5,882263;-5,384445;3,09062;-7,172584;-6,414413;3,603458;-8,205413;-0,523567;0,407517;-1,227379;-1,298904;1,129746;-3,674984;-2,317428;2,297401;-6,082534;-2,941131;2,959728;-7,384299;-3,553391;3,549099;-8,500098;-0,141621;0,336528;-1,509189;-0,47493;0,866175;-3,705024;-1,190185;1,73378;-5,613327;-1,573563;2,18296;-6,57177;-2,025604;2,690792;-7,647513;11,06247;14,64491;15,05579;16,01555;15,83885;41,53738;3,094084;1,38621;2,24777;-2,761587;3,614601;3,830526;-8,511031;3,521755;5,204206;5,264289;-7,590833;3,551044;10,22472;10,09081;-9,940815;3,410706;4,591286;5,312679;0;0;0;0;-0,026121;-0,119119;0;0;0,189629;0;0,00226;0;0;0;0;0;0;0;0;0;4,500961;-2,540588;0;0;12,52355;-25,25997;-105,5383;-94,73303;2,57492;0;0,135613;0;-11,35368;0,396538;0;-0,068665;-10,25162;0,413704;0;0
96;1536;00:00:01:576;0;0;0;-1,726592;-2,139488;4,236812;-3,522654;-2,93818;8,569229;-5,245576;-3,514597;12,22597;-6,626443;-3,922527;14,99695;-2,176368;-1,416043;3,46308;-8,727379;-1,472233;7,221945;-13,11048;-1,794556;9,773216;-15,39591;-1,830529;11,22065;-17,16818;-1,744447;12,44419;-2,762013;-0,511437;2,455465;-9,596559;-0,095619;5,640388;-14,6439;0,662813;8,023907;-17,27204;1,292434;9,44838;-19,32455;1,986712;10,72125;-3,313473;0,256079;1,506309;-9,802683;1,101869;3,821178;-14,24113;1,722637;5,99908;-16,51267;2,449126;7,460937;-18,3116;3,417526;8,975637;-3,838693;1,028489;0,602494;-9,49147;2,292875;1,78258;-13,07322;2,87449;3,386196;-14,84465;3,300017;4,286499;-16,75459;3,944969;5,405108;-45,78878;44,0601;124,2187;15,64745;18,9676;-115,2726;18,74152;18,9676;-115,2726;20,27705;18,91891;-114,8119;20,27705;18,9189;-114,8119;-46,16876;44,06009;124,2187;-47,73818;41,71096;125,3644;-43,70795;42,25932;126,029;-39,20559;42,89472;127,0608;-39,3723;42,74753;126,8155;-50,84191;48,09515;117,7382;-49,01433;49,82409;115,033;-45,36535;48,41943;112,9751;-41,57225;47,38587;110,9942;-41,39446;47,53011;111,2355;-57,20176;52,00114;109,496;-49,45782;47,74537;114,3762;-40,74469;46,38652;112,3087;-33,87434;44,1658;107,7698;-33,65553;44,31601;108,0835;-68,87936;56,35759;95,21885;-51,61695;49,38291;111,794;-48,35418;48,18776;110,0291;-46,10181;45,59198;105,8463;-45,89986;45,79609;106,1285;0;0;0;-107,5884;131,3705;-36,9029;-165,5093;115,8501;-73,23235;-193,4766;95,85191;-93,16045;-207,2977;78,91157;-104,3556;-11,62002;84,96338;9,524702;381,4578;91,35796;237,1937;632,7999;125,3791;388,4956;763,6531;125,1315;463,8211;864,9462;109,4264;519,1661;112,0121;28,5887;69,98647;569,7522;6,665316;329,501;922,5905;-59,38716;520,1932;1107,031;-124,8579;613,9683;1251,606;-202,8755;682,3787;225,4372;-15,3595;126,9401;705,7141;-63,08062;394,5133;1010,914;-118,6773;559,7266;1167,199;-202,1178;633,8356;1290,092;-321,7838;681,7908;334,9344;-61,70544;181,1733;807,0139;-134,5431;439,2294;1062,606;-183,3941;577,1635;1189,458;-225,7943;642,1556;1326,696;-296,2341;707,7792;0;0;0;0;0;0;-0,311136;1,20163;0,107288;-0,585079;2,235174;0,212073;-0,791073;3,026247;0,289679;0;0;0;0;0;0;0,260353;-2,649307;0,576496;0,457764;0,919819;0,852585;0,549316;7,314919;1,536369;0;0;0;0;0;0;-3,158569;0,645518;-0,429153;-4,875183;0,994921;-0,666618;-6,242752;1,276016;-0,869751;0;0;0;0;0;0;-0,337601;0,010014;0,042915;-0,526428;0,014305;0,074387;-0,686645;0,021458;0,085831;0;0;0;0;0;0;-1,23024;0,029325;0,214577;-1,853943;0,044346;0,33474;-2,557754;0,060081;0,454903;11,06295;14,64386;15,05575;16,01501;15,83397;41,53801;3,094084;1,386351;2,247422;-2,752002;3,585285;3,804159;-8,502882;3,5217;5,204206;5,264252;-7,589774;3,551044;10,22474;10,09079;-9,935808;3,410534;4,591286;5,312679;-0,292912;0,037766;0;0,008469;-0,0209;0,575137;-1,758971;-1,581988;0,488949;-0,003333;0;-0,002232;0,063572;0;0,001202;-0,001144;0,300407;-0,010343;0;0;-17,57469;2,26593;0;0,508118;0,313282;41,65534;-105,5383;-94,91929;17,95921;-0,199986;-0,135613;-0,133896;3,814316;0;0,072098;-0,068665;18,02444;-0,620556;0;0
97;1552;00:00:01:592;0;0;0;-1,726125;-2,139662;4,236914;-3,52173;-2,938678;8,569461;-5,244268;-3,515376;12,22634;-6,624848;-3,923521;14,99743;-2,175993;-1,4162;3,463252;-8,726625;-1,472639;7,222773;-13,10917;-1,795414;9,774943;-15,39429;-1,83163;11,22286;-17,16631;-1,745744;12,44678;-2,761757;-0,511571;2,455725;-9,595992;-0,09599;5,641348;-14,643;0,662035;8,025702;-17,27095;1,291434;9,450622;-19,3233;1,98553;10,72386;-3,313327;0,255966;1,506651;-9,80232;1,101555;3,8222;-14,24049;1,721997;6,000773;-16,51185;2,4483;7,462995;-18,31061;3,416534;8,978004;-3,838652;1,028395;0,602913;-9,491337;2,292634;1,783608;-13,07297;2,874189;3,387526;-14,84432;3,299685;4,287981;-16,75418;3,944599;5,406758;-45,78365;44,05528;124,2234;15,64043;18,96834;-115,2729;18,7345;18,96832;-115,2729;20,27003;18,91969;-114,8123;20,27003;18,91969;-114,8123;-46,16362;44,05529;124,2234;-47,72796;41,70089;125,3749;-43,69779;42,24916;126,0395;-39,19559;42,88441;127,0713;-39,36226;42,73727;126,826;-50,83559;48,09079;117,744;-49,00388;49,8173;115,044;-45,35484;48,41289;112,986;-41,56161;47,37957;111,0051;-41,38383;47,52379;111,2464;-57,19397;51,99743;109,5033;-49,44852;47,7392;114,3858;-40,73529;46,38059;112,3182;-33,8647;44,16039;107,7793;-33,6459;44,31056;108,0929;-68,86932;56,35519;95,22831;-51,61117;49,37993;111,7987;-48,34839;48,18489;110,0338;-46,09602;45,5894;105,8508;-45,89408;45,7935;106,133;0;0;0;-107,5993;131,3734;-36,90594;-165,536;115,8827;-73,23708;-193,517;95,90917;-93,16773;-207,3487;78,98741;-104,3652;-11,63033;84,9626;9,517952;381,4303;91,33939;237,1566;632,7123;125,3014;388,411;763,5568;125,0891;463,7541;864,8661;109,4608;519,139;112,0028;28,58322;69,97486;569,7264;6,639574;329,4568;922,514;-59,39983;520,0907;1106,925;-124,8628;613,8342;1251,476;-202,8734;682,219;225,4291;-15,36941;126,9242;705,6918;-63,11141;394,4654;1010,861;-118,717;559,6546;1167,127;-202,1612;633,7502;1289,999;-321,829;681,6939;334,9274;-61,71959;181,1531;806,9962;-134,5773;439,1801;1062,579;-183,4267;577,0795;1189,426;-225,8256;642,0537;1326,656;-296,2634;707,6574;0;0;0;-0,654459;0,170231;-0,18239;-1,601458;1,953363;-0,284314;-2,421856;3,435731;-0,437379;-3,061294;4,550457;-0,573635;-0,618249;-0,046492;-0,405014;-1,64938;-1,114011;-2,221584;-5,25856;-4,662036;-5,075454;-5,779266;-2,541303;-4,019737;-4,806518;2,061367;-1,625061;-0,557899;-0,32866;-0,695944;-1,544952;-1,54455;-2,655029;-4,594802;-0,759959;-6,151199;-6,334305;-0,293255;-8,050918;-7,816314;0,127316;-9,584426;-0,483513;-0,594825;-0,957012;-1,336098;-1,847505;-2,875328;-3,175735;-2,385378;-4,317283;-4,348754;-2,599239;-5,11837;-5,533218;-2,709388;-5,813598;-0,422001;-0,848293;-1,210213;-1,0643;-2,05636;-2,955436;-1,590729;-1,955509;-5,041122;-1,905441;-1,881122;-6,116867;-2,340317;-1,758099;-7,309913;11,06214;14,64346;15,05546;16,01536;15,83222;41,53887;3,094084;1,386492;2,254378;-2,750863;3,585285;3,804211;-8,498862;3,5217;5,204206;5,264289;-7,586593;3,550879;10,22472;10,09079;-9,937273;3,410591;4,591243;5,312716;-0,105114;0,051498;0;0,008476;0,417366;0,068307;0;0,003104;0,241184;0;0;0,002232;0,190859;-0,009928;-0,001202;0;-0,087891;0,003448;-0,002575;0,002203;11,26785;0,823975;0;0,000429;26,29594;-30,40981;105,5383;95,10554;-14,86587;0,199986;0;0,267792;7,637213;-0,595665;-0,144196;0,068665;-23,29788;0,827408;-0,154495;0,132179
98;1568;00:00:01:608;0;0;0;-1,726243;-2,139208;4,237095;-3,521227;-2,937124;8,570103;-5,243222;-3,512849;12,22739;-6,623382;-3,920241;14,9988;-2,176037;-1,415708;3,463425;-8,726482;-1,47095;7,223289;-13,1087;-1,79218;9,7762;-15,39361;-1,827577;11,22449;-17,16541;-1,741042;12,44867;-2,761709;-0,511029;2,455891;-9,595712;-0,09423;5,641852;-14,64229;0,664293;8,026964;-17,26996;1,293951;9,45228;-19,32205;1,988249;10,72582;-3,313208;0,256555;1,506813;-9,801947;1,10327;3,822664;-14,23987;1,724442;6,001521;-16,51102;2,451132;7,463873;-18,30954;3,419684;8,978971;-3,838458;1,029029;0,60307;-9,49088;2,294213;1,784006;-13,07115;2,878886;3,389816;-14,84168;3,305948;4,291174;-16,7504;3,952585;5,410883;-45,77829;44,05562;124,218;15,63485;18,95518;-115,2866;18,72892;18,95516;-115,2866;20,26434;18,90657;-114,8259;20,26435;18,90657;-114,8259;-46,15826;44,05563;124,218;-47,71252;41,70132;125,369;-43,68224;42,24945;126,0339;-39,17986;42,88451;127,0659;-39,34657;42,73739;126,8205;-50,82992;48,09157;117,7391;-48,99182;49,81364;115,0476;-45,34292;48,40951;112,9893;-41,54976;47,37648;111,0082;-41,37197;47,52066;111,2495;-57,18806;51,99873;109,4989;-49,44194;47,73939;114,3822;-40,72891;46,38095;112,3144;-33,85861;44,16109;107,7751;-33,63977;44,31126;108,0888;-68,86356;56,35734;95,22403;-51,55732;49,38021;111,7956;-48,29588;48,18624;110,029;-46,04625;45,59332;105,8424;-45,8441;45,79725;106,1249;0;0;0;-107,6273;131,3838;-36,91211;-165,5954;115,8625;-73,26811;-193,603;95,86264;-93,22124;-207,455;78,92065;-104,4362;-11,65281;84,97198;9,507626;381,3851;91,36375;237,107;632,6337;125,2976;388,31;763,4598;125,0705;463,6241;864,7543;109,4304;518,9841;111,9874;28,59127;69,95924;569,6924;6,66179;329,3992;922,4191;-59,35337;519,9891;1106,797;-124,8031;613,709;1251,32;-202,8028;682,0746;225,4203;-15,36262;126,9037;705,6701;-63,09257;394,4041;1010,815;-118,6784;559,554;1167,068;-202,1113;633,6279;1289,927;-321,7691;681,5535;334,9249;-61,71397;181,1279;806,9882;-134,5629;439,1184;1062,552;-183,6029;576,9901;1189,386;-226,0986;641,9426;1326,602;-296,6442;707,5114;0;0;0;-1,681566;0,623703;-0,370145;-3,564835;-1,209497;-1,861453;-5,165576;-2,792001;-3,210425;-6,37722;-4,005074;-4,259347;-1,349151;0,562549;-0,61959;-2,71225;1,461983;-2,979755;-4,712104;-0,228882;-6,061077;-5,81932;-1,12009;-7,802009;-6,706238;-1,820326;-9,295463;-0,92268;0,482619;-0,937343;-2,039909;1,332968;-3,457546;-5,693435;2,787351;-6,096839;-7,707595;3,582716;-7,504462;-9,378432;4,234313;-8,660316;-0,524998;0,407785;-1,228094;-1,301765;1,130462;-3,677845;-2,71225;2,316713;-6,039619;-3,541946;2,991199;-7,338523;-4,33731;3,590583;-8,422851;-0,145912;0,336885;-1,51062;-0,480652;0,86689;-3,702163;-1,665115;-10,57362;-5,361557;-2,380371;-16,38078;-6,669044;-3,295898;-22,8467;-8,760451;11,06284;14,64325;15,05587;16,01456;15,84523;41,54162;3,09402;1,386351;2,254117;-2,740455;3,585285;3,804159;-8,491881;3,521644;5,204206;5,264289;-7,585377;3,550823;10,22472;10,09079;-9,935887;3,45808;4,591243;5,312716;0,78083;0,165253;-0,003791;-0,008476;-0,015621;0,624518;0;-0,003104;0,418854;-0,003333;0;0;0,072956;-0,003319;0;0;0,083141;2,849321;0;0;53,15665;6,825255;-0,227451;-1,017094;-25,97923;33,37268;0;-0,372505;10,66017;-0,199986;0;-0,133896;-7,074164;0,396538;0,072098;0;10,26192;170,7524;0,154495;-0,132179
99;1584;00:00:01:624;0;0;0;-1,726243;-2,139208;4,237095;-3,521226;-2,937151;8,570098;-5,243219;-3,512902;12,22738;-6,62338;-3,920311;14,99879;-2,176037;-1,415708;3,463425;-8,726482;-1,47095;7,223289;-13,10877;-1,792291;9,776079;-15,39372;-1,827747;11,2243;-17,16555;-1,74126;12,44844;-2,761709;-0,511029;2,455891;-9,595712;-0,09423;5,641852;-14,64234;0,664388;8,026839;-17,27003;1,294098;9,452089;-19,32214;1,988438;10,72558;-3,313208;0,256555;1,506813;-9,801947;1,10327;3,822664;-14,23987;1,724442;6,001521;-16,51102;2,451132;7,463873;-18,30954;3,419684;8,978971;-3,838458;1,029029;0,60307;-9,49088;2,294213;1,784006;-13,07236;2,876461;3,388014;-14,84361;3,302304;4,288505;-16,75332;3,947602;5,407315;-45,77829;44,05562;124,218;15,63473;18,95545;-115,2865;18,72879;18,95543;-115,2865;20,26422;18,90684;-114,8258;20,26423;18,90684;-114,8258;-46,15826;44,05563;124,218;-47,71473;41,70166;125,3686;-43,68442;42,24981;126,0335;-39,18209;42,88491;127,0654;-39,34878;42,73779;126,8201;-50,82992;48,09157;117,7391;-48,99331;49,81474;115,0456;-45,34443;48,41057;112,9873;-41,55129;47,37749;111,0062;-41,3735;47,52166;111,2476;-57,18806;51,99873;109,4989;-49,44194;47,73939;114,3822;-40,72891;46,38095;112,3144;-33,85861;44,16109;107,7751;-33,63977;44,31126;108,0888;-68,86356;56,35734;95,22403;-51,60676;49,38193;111,7923;-48,34421;48,187;110,0271;-46,09223;45,59169;105,8437;-45,89028;45,79578;106,1259;0;0;0;-107,6203;131,3565;-36,92297;-165,6264;115,7707;-73,30682;-193,6674;95,71374;-93,28463;-207,5451;78,72755;-104,5188;-11,65022;84,94245;9,49721;381,3765;91,26239;237,076;632,6086;125,1138;388,2342;763,4229;124,8429;463,5264;864,7054;109,1683;518,8704;111,9846;28,55875;69,9493;569,6756;6,556203;329,3689;922,386;-59,48877;519,912;1106,753;-124,954;613,6075;1251,264;-202,9658;681,954;225,4132;-15,39795;126,894;705,6476;-63,19547;394,3762;1010,779;-118,8251;559,5091;1167,018;-202,2812;633,5753;1289,863;-321,9581;681,4955;334,9133;-61,75198;181,1185;806,9608;-134,6576;439,0946;1062,461;-183,6906;576,8613;1189,256;-226,1817;641,7716;1326,417;-296,7206;707,3088;0;0;0;0,424147;-1,633644;-0,651777;-1,858234;-5,507469;-2,322793;-3,862381;-8,933901;-3,803372;-5,404472;-11,58643;-4,956722;0,155568;-1,771688;-0,624955;-0,514984;-6,082177;-1,858234;-1,507759;-11,02996;-4,546165;-2,214432;-13,6528;-5,859375;-2,929687;-15,72776;-6,817818;-0,170231;-1,951039;-0,596881;-1,009941;-6,335199;-1,815319;-1,979828;-8,123874;-4,626274;-2,649307;-9,055137;-6,096839;-3,330231;-9,781837;-7,238387;-0,429153;-2,11975;-0,583649;-1,347542;-6,173729;-1,670837;-2,208709;-8,804797;-2,692222;-2,975464;-10,19525;-3,16143;-3,856658;-11,33966;-3,481865;-0,69809;-2,280593;-0,562906;-1,642227;-5,684137;-1,430511;-5,453109;-5,261421;-7,730483;-7,83348;-4,983902;-10,25677;-11,09505;-4,58908;-12,15362;11,06299;14,64351;15,0559;16,01612;15,8449;41,54178;3,094084;1,38621;2,253683;-2,742311;3,58523;3,804211;-8,493523;3,521644;5,204206;5,264289;-7,585377;3,550823;10,22472;10,09079;-9,938658;3,410591;4,591243;5,312716;-0,019512;0,009384;0,003791;-0,008469;-0,02605;-0,111394;-0,003276;0,003104;-0,098476;0;0;0;0;0;0;0;-0,166225;-2,849321;0;0;-48,02055;-9,352111;0,454903;0,000429;-0,625706;-44,15473;-0,196552;0,372505;-31,03981;0,199986;0;0;-4,377365;0,199127;0;0;-14,962;-341,9185;0;0
100;1600;00:00:01:640;0;0;0;-1,725228;-2,138623;4,237804;-3,517951;-2,934981;8,572034;-5,238005;-3,509329;12,23045;-6,616685;-3,915651;15,00276;-2,175126;-1,415041;3,46427;-8,724218;-1,468533;7,226515;-13,10482;-1,787251;9,782527;-15,38873;-1,821317;11,23241;-17,15964;-1,733732;12,45781;-2,760943;-0,510258;2,456913;-9,593686;-0,09166;5,64534;-14,63887;0,667477;8,033189;-17,26569;1,297448;9,45994;-19,317;1,991984;10,73461;-3,312598;0,257425;1,508006;-9,800287;1,105821;3,826181;-14,23721;1,728026;6,006793;-16,50762;2,455252;7,470036;-18,30531;3,424237;8,985831;-3,837987;1,029994;0,604424;-9,489669;2,29661;1,787365;-13,07032;2,879535;3,39298;-14,84109;3,305714;4,294267;-16,75017;3,951372;5,413934;-45,75262;44,04573;124,2218;15,609;18,92913;-115,3131;18,70308;18,92912;-115,313;20,23829;18,88072;-114,8524;20,23829;18,88072;-114,8524;-46,13261;44,04574;124,2218;-47,66106;41,68667;125,3764;-43,63054;42,23437;126,0418;-39,12803;42,86874;127,0743;-39,29477;42,7218;126,8289;-50,80082;48,08382;117,7467;-48,95007;49,79865;115,0715;-45,30155;48,3955;113,0122;-41,50851;47,36341;111,0305;-41,3307;47,50747;111,2719;-57,15502;51,99384;109,5109;-49,41024;47,73111;114,393;-40,69759;46,37341;112,3243;-33,82775;44,15532;107,7839;-33,60889;44,30534;108,0976;-68,82578;56,35763;95,24143;-51,5701;49,37236;111,8092;-48,30797;48,17817;110,0433;-46,0569;45,58464;105,8581;-45,85487;45,7886;106,1405;0;0;0;-107,6203;131,3565;-36,92297;-165,6357;115,6926;-73,33606;-193,6853;95,56816;-93,33819;-207,5697;78,53014;-104,5906;-11,65022;84,94245;9,49721;381,3765;91,26239;237,076;632,5763;124,9855;388,2465;763,3737;124,6462;463,5405;864,6431;108,9173;518,8822;111,9846;28,55875;69,9493;569,6756;6,556203;329,3689;922,3065;-59,49487;519,9316;1106,63;-124,9634;613,6377;1251,107;-202,9779;681,9929;225,4132;-15,39795;126,894;705,6476;-63,19547;394,3762;1010,765;-118,8247;559,5109;1166,998;-202,2806;633,5781;1289,835;-321,9573;681,499;334,9133;-61,75198;181,1185;806,9608;-134,6576;439,0946;1062,507;-183,5445;576,9738;1189,333;-225,9621;641,9386;1326,538;-296,4203;707,5322;0;0;0;0;0;0;-0,55933;-4,68707;-1,754165;-1,075745;-8,734702;-3,213286;-1,479149;-11,84428;-4,307985;0;0;0;0;0;0;-1,939773;-7,698297;0,736713;-2,952575;-11,80315;0,841141;-3,742218;-15,05899;0,703812;0;0;0;0;0;0;-4,772186;-0,366211;1,178741;-7,347106;-0,563622;1,813888;-9,447097;-0,723839;2,334594;0;0;0;0;0;0;-0,806809;0,024319;0,105858;-1,253128;0,037193;0,171661;-1,647949;0,048637;0,214577;0;0;0;0;0;0;2,79808;8,767604;6,749153;4,657745;13,17358;10,0193;7,307052;18,01872;13,40389;11,06307;14,64293;15,0566;16,01634;15,8658;41,54694;3,09402;1,386351;2,260014;-2,716925;3,585285;3,804211;-8,479453;3,521589;5,204168;5,264326;-7,582763;3,550713;10,22472;10,09079;-9,932404;3,410419;4,591286;5,312716;1,253929;0,309677;-0,003791;0,008469;0,379844;1,523151;0,003276;0;0,844173;-0,003333;-0,00226;0,002232;0,156813;-0,006609;0;0;0,375252;-0,010314;0,002575;0;76,40647;18,01758;-0,454903;1,016235;24,3536;98,07271;0,393105;-0,186253;56,55898;-0,199986;-0,135613;0,133896;9,408759;-0,396538;0;0;32,48863;170,3404;0,154495;0
101;1616;00:00:01:656;0;0;0;-1,724879;-2,138341;4,238088;-3,516525;-2,93399;8,572893;-5,235654;-3,507703;12,23184;-6,613632;-3,913533;15,00458;-2,174794;-1,414705;3,464615;-8,723318;-1,467249;7,227862;-13,10333;-1,784872;9,785007;-15,38689;-1,81836;11,23547;-17,15746;-1,730321;12,46132;-2,760638;-0,50985;2,45734;-9,592835;-0,090271;5,646807;-14,6374;0,66926;8,035851;-17,26383;1,299431;9,463232;-19,31478;1,994119;10,7384;-3,312331;0,2579;1,508509;-9,799548;1,107222;3,827667;-14,23594;1,729836;6,009227;-16,50597;2,457265;7,472963;-18,30325;3,426404;8,989155;-3,83775;1,030533;0,605;-9,489076;2,297947;1,788791;-13,06932;2,881211;3,395169;-14,83986;3,307555;4,296835;-16,74864;3,953389;5,416914;-45,74213;44,04127;124,2211;15,59619;18,91738;-115,3268;18,69027;18,91737;-115,3268;20,22538;18,86907;-114,8662;20,22539;18,86906;-114,8662;-46,12211;44,04127;124,2211;-47,64254;41,68097;125,3764;-43,61197;42,2285;126,0419;-39,10941;42,86264;127,0746;-39,27614;42,71574;126,8291;-50,78885;48,08023;117,7477;-48,93227;49,79165;115,0799;-45,2839;48,38894;113,0202;-41,49089;47,35725;111,0383;-41,31306;47,50125;111,2798;-57,14132;51,99144;109,5137;-49,39446;47,72519;114,3989;-40,6819;46,36789;112,3299;-33,81209;44,15067;107,789;-33,59325;44,30063;108,1028;-68,80996;56,35738;95,24664;-51,55346;49,36702;111,816;-48,29149;48,17315;110,0497;-46,04072;45,58046;105,8638;-45,83864;45,78437;106,1463;0;0;0;-107,6811;131,3214;-36,96548;-165,8423;115,5237;-73,47066;-194,0173;95,28159;-93,55589;-207,9977;78,15257;-104,8733;-11,70485;84,90248;9,446538;381,2407;91,11737;236,8824;632,3307;124,6424;387,8612;763,0618;124,198;463,0555;864,2721;108,3861;518,3198;111,9386;28,51247;69,88795;569,554;6,40202;329,1596;922,0652;-59,68032;519,5557;1106,318;-125,1646;613,1745;1250,732;-203,1909;681,4608;225,3766;-15,45017;126,8224;705,5481;-63,34852;394,1652;1010,583;-119,0391;559,1974;1166,758;-202,5268;633,213;1289,536;-322,2292;681,0934;334,885;-61,80988;181,0373;806,8881;-134,8014;438,8931;1062,368;-183,7285;576,6788;1189,156;-226,1661;641,5975;1326,314;-296,6457;707,1414;0;0;0;-3,652095;-2,107143;-2,550781;-12,39324;-10,13303;-8,076309;-19,92059;-17,19475;-13,06236;-25,67911;-22,65429;-16,96229;-3,277659;-2,398252;-3,040284;-8,148192;-8,701085;-11,61432;-14,73141;-20,58506;-23,1142;-18,71681;-26,89075;-29,09946;-22,25876;-31,87465;-33,74576;-2,760172;-2,776801;-3,680706;-7,292747;-9,251027;-12,5556;-14,4825;-11,12687;-22,55916;-18,72825;-12,07209;-27,79198;-22,49908;-12,78305;-31,92615;-2,197265;-3,133535;-4,29511;-5,973815;-9,183167;-12,66289;-10,94055;-12,86173;-18,8055;-14,35089;-14,77146;-21,90685;-17,93289;-16,31069;-24,34158;-1,696587;-3,473639;-4,876613;-4,360198;-8,628844;-12,09068;-8,382796;-11,04355;-17,69256;-10,66017;-12,23659;-20,46776;-13,49258;-13,52119;-23,44608;11,06377;14,64308;15,05679;16,01656;15,87622;41,55086;3,09402;1,38621;2,261399;-2,70935;3,585285;3,804211;-8,473684;3,521589;5,204206;5,264289;-7,578466;3,550603;10,22474;10,09079;-9,928205;3,410247;4,591328;5,312753;0,624962;0,235291;0;-0,008469;0,083113;0,454531;0;0;0,346127;0;0,00226;-0,002232;0,257807;-0,006609;0,001202;0;0,251885;-0,010343;0,002546;0,002232;-37,73803;-4,463195;0,227451;-1,016235;-17,80386;-64,11723;-0,196552;0;-29,88281;0,199986;0,271225;-0,267792;6,059647;0;0,072098;0;-7,402036;-0,001717;-0,001717;0,133896
102;1632;00:00:01:672;0;0;0;-1,724879;-2,138341;4,238088;-3,516525;-2,93399;8,572893;-5,235654;-3,507703;12,23184;-6,613632;-3,913533;15,00458;-2,174794;-1,414705;3,464615;-8,723318;-1,467249;7,227862;-13,10333;-1,784872;9,785007;-15,38689;-1,81836;11,23547;-17,15746;-1,730321;12,46132;-2,760638;-0,50985;2,45734;-9,592835;-0,090271;5,646807;-14,6374;0,66926;8,035851;-17,26383;1,299431;9,463232;-19,31478;1,994119;10,7384;-3,312331;0,2579;1,508509;-9,799548;1,107222;3,827667;-14,23602;1,730014;6,009011;-16,5061;2,457542;7,472629;-18,30341;3,426766;8,988719;-3,83775;1,030533;0,605;-9,489076;2,297947;1,788791;-13,06932;2,881211;3,395169;-14,83986;3,307555;4,296835;-16,74864;3,953389;5,416914;-45,74213;44,04127;124,2211;15,59619;18,91738;-115,3268;18,69027;18,91737;-115,3268;20,22538;18,86907;-114,8662;20,22539;18,86906;-114,8662;-46,12211;44,04127;124,2211;-47,64254;41,68097;125,3764;-43,61197;42,2285;126,0419;-39,10941;42,86264;127,0746;-39,27614;42,71574;126,8291;-50,78885;48,08023;117,7477;-48,93227;49,79165;115,0799;-45,2839;48,38894;113,0202;-41,49089;47,35725;111,0383;-41,31306;47,50125;111,2798;-57,14132;51,99144;109,5137;-49,39726;47,72736;114,3951;-40,68476;46,37;112,3261;-33,81506;44,15261;107,7852;-33,5962;44,3026;108,099;-68,80996;56,35738;95,24664;-51,55346;49,36702;111,816;-48,29149;48,17315;110,0497;-46,04072;45,58046;105,8638;-45,83864;45,78437;106,1463;0;0;0;-107,7021;131,3045;-36,98252;-165,9278;115,4642;-73,52225;-194,1584;95,18404;-93,63949;-208,1809;78,02551;-104,9824;-11,72478;84,88232;9,425818;381,1867;91,04034;236,8016;632,2418;124,4997;387,7124;762,9513;124,0206;462,8716;864,1417;108,1815;518,1093;111,9204;28,48799;69,86237;569,5031;6,318648;329,0717;921,9767;-59,78729;519,3959;1106,206;-125,2836;612,9769;1250,598;-203,319;681,2335;225,3606;-15,4787;126,7922;705,5037;-63,43256;394,076;1010,524;-119,1482;559,0491;1166,687;-202,6484;633,0337;1289,448;-322,3603;680,8893;334,8708;-61,84226;181,0027;806,8525;-134,8817;438,8074;1062,308;-183,8291;576,5475;1189,082;-226,2765;641,4433;1326,222;-296,7667;706,9626;0;0;0;-1,258135;-1,012087;-1,021922;-5,134105;-3,568411;-3,095269;-8,462905;-5,85258;-5,01573;-10,99348;-7,624268;-6,54459;-1,196265;-1,209855;-1,243204;-3,240108;-4,621624;-4,849433;-5,338668;-8,563041;-8,929252;-6,62899;-10,643;-11,02924;-7,827758;-12,27665;-12,62856;-1,095056;-1,468599;-1,534939;-3,061294;-5,002275;-5,280017;-5,310058;-6,418347;-9,584426;-6,706238;-7,138968;-11,85322;-8,005141;-7,684707;-13,64136;-0,958443;-1,711875;-1,812458;-2,660751;-5,042552;-5,347251;-3,507614;-6,545305;-8,89778;-4,302978;-7,295608;-10,75745;-5,327224;-7,864951;-12,24518;-0,851154;-1,942992;-2,073526;-2,134323;-4,815101;-5,138397;-3,570557;-6,031751;-7,882117;-4,405975;-6,62756;-9,249686;-5,481719;-7,262706;-10,72884;11,06377;14,64308;15,05727;16,01656;15,87622;41,55086;3,09402;1,38621;2,261399;-2,70935;3,585285;3,804211;-8,473684;3,521589;5,204206;5,264289;-7,581806;3,550713;10,22472;10,09081;-9,928205;3,410247;4,591328;5,312753;0;0;0;0;0;0;0;0;0;0;0;0;-0,200357;0,006609;-0,001202;0,001144;0;0;0;0;-37,49771;-14,11743;0;0,508118;-4,986763;-27,27184;0;0;-20,76759;0;-0,135613;0,133896;-27,48985;0,793075;-0,144196;0,068665;-15,11307;0,620556;-0,152779;-0,133896
103;1648;00:00:01:688;0;0;0;-1,724562;-2,139112;4,237828;-3,515321;-2,936287;8,572719;-5,233707;-3,511302;12,23182;-6,611122;-3,918122;15,00468;-2,174527;-1,415317;3,464533;-8,722727;-1,468428;7,228336;-13,1022;-1,787021;9,786295;-15,38546;-1,821045;11,23721;-17,15579;-1,733448;12,46345;-2,760437;-0,510256;2,457481;-9,592349;-0,091127;5,647619;-14,63638;0,667397;8,038117;-17,2625;1,296996;9,466316;-19,31318;1,991196;10,74218;-3,312195;0,257689;1,508845;-9,799191;1,106718;3,828727;-14,23517;1,728559;6,011346;-16,50494;2,455506;7,475723;-18,30196;3,424176;8,99252;-3,837674;1,030507;0,60553;-9,488867;2,297827;1,790053;-13,06877;2,880373;3,397471;-14,83911;3,306334;4,299688;-16,74767;3,951716;5,42041;-45,74501;44,02941;124,2178;15,57713;18,92957;-115,3295;18,6712;18,92955;-115,3294;20,20643;18,8814;-114,8688;20,20643;18,8814;-114,8688;-46,12499;44,02942;124,2178;-47,64121;41,66216;125,3813;-43,61093;42,20967;126,0467;-39,10881;42,84379;127,0791;-39,27545;42,69689;126,8336;-50,78991;48,06821;117,7455;-48,92217;49,77199;115,0919;-45,27301;48,3695;113,0327;-41,47921;47,3381;111,0512;-41,30149;47,48207;111,2926;-57,13967;51,97945;109,5136;-49,38728;47,70753;114,4072;-40,67398;46,35043;112,3387;-33,80258;44,13367;107,7987;-33,58382;44,28362;108,1124;-68,80286;56,34601;95,25119;-51,54187;49,34769;111,8295;-48,2793;48,15407;110,0635;-46,02712;45,56203;105,8782;-45,82515;45,76587;106,1606;0;0;0;-107,7021;131,3045;-36,98252;-165,9705;115,4879;-73,5472;-194,239;95,22751;-93,68401;-208,291;78,08396;-105,0413;-11,72478;84,88232;9,425818;381,1867;91,04034;236,8016;632,1923;124,5066;387,7103;762,8754;124,0313;462,8683;864,0447;108,1951;518,1056;111,9204;28,48799;69,86237;569,5031;6,318648;329,0717;921,9089;-59,78759;519,4061;1106,102;-125,284;612,9923;1250,464;-203,3196;681,2534;225,3606;-15,4787;126,7922;705,5037;-63,43256;394,076;1010,467;-119,1571;559,0704;1166,598;-202,6622;633,0665;1289,332;-322,3782;680,9319;334,8708;-61,84226;181,0027;806,8525;-134,8817;438,8074;1062,26;-183,8279;576,556;1189,01;-226,2748;641,4561;1326,122;-296,7643;706,9802;0;0;0;0;0;0;-2,561331;1,417637;-1,496673;-4,838705;2,60818;-2,67148;-6,604671;3,507614;-3,534794;0;0;0;0;0;0;-2,966881;0,416279;-0,128746;-4,554748;0,638723;-0,197411;-5,81932;0,815392;-0,220299;0;0;0;0;0;0;-4,062652;-0,017881;0,612259;-6,259918;-0,02718;0,92411;-8,045196;-0,035763;1,195907;0;0;0;0;0;0;-3,427505;-0,534296;1,276016;-5,327224;-0,825405;1,965523;-6,952286;-1,078606;2,554893;0;0;0;0;0;0;-2,895355;0,06938;0,512123;-4,371643;0,104427;0,769615;-6,025314;0,144482;1,055717;11,06438;14,64348;15,05759;16,01694;15,8723;41,56098;3,094084;1,386351;2,270813;-2,71065;3,58523;3,804159;-8,462111;3,521533;5,204206;5,264326;-7,569812;3,550272;10,22474;10,09081;-9,916412;3,409845;4,591286;5,312716;-0,235233;0,607224;0,003791;0,008469;0,564852;-0,078006;-0,003276;-0,003104;0,69437;-0,003347;0;0,002232;0,719604;-0,026464;0,001202;0;0,707588;-0,024118;-0,002546;-0,002232;-14,114;36,43341;0,227451;0,508118;33,89111;-4,680347;-0,196552;-0,186253;41,66221;-0,200844;0;0,133896;55,19771;-1,984405;0,144196;-0,068665;42,45528;-1,447105;-0,152779;-0,133896
104;1664;00:00:01:704;0;0;0;-1,724562;-2,139112;4,237828;-3,515321;-2,936287;8,572719;-5,233707;-3,511302;12,23182;-6,611122;-3,918122;15,00468;-2,174527;-1,415317;3,464533;-8,722727;-1,468428;7,228336;-13,1022;-1,787021;9,786295;-15,38546;-1,821045;11,23721;-17,15579;-1,733448;12,46345;-2,760437;-0,510256;2,457481;-9,592349;-0,091127;5,647619;-14,63618;0,666978;8,038665;-17,26219;1,29635;9,467159;-19,31279;1,990365;10,74326;-3,312195;0,257689;1,508845;-9,799191;1,106718;3,828727;-14,23517;1,728559;6,011346;-16,50494;2,455506;7,475723;-18,30196;3,424176;8,99252;-3,837674;1,030507;0,60553;-9,488867;2,297827;1,790053;-13,06877;2,880373;3,397471;-14,83911;3,306334;4,299688;-16,74767;3,951716;5,42041;-45,74501;44,02941;124,2178;15,57713;18,92957;-115,3295;18,6712;18,92955;-115,3294;20,20643;18,8814;-114,8688;20,20643;18,8814;-114,8688;-46,12499;44,02942;124,2178;-47,64121;41,66216;125,3813;-43,61093;42,20967;126,0467;-39,10881;42,84379;127,0791;-39,27545;42,69689;126,8336;-50,78991;48,06821;117,7455;-48,91567;49,7672;115,1004;-45,26644;48,36487;113,0412;-41,47256;47,3336;111,0597;-41,29482;47,47757;111,3011;-57,13967;51,97945;109,5136;-49,38728;47,70753;114,4072;-40,67398;46,35043;112,3387;-33,80258;44,13367;107,7987;-33,58382;44,28362;108,1124;-68,80286;56,34601;95,25119;-51,54187;49,34769;111,8295;-48,2793;48,15407;110,0635;-46,02712;45,56203;105,8782;-45,82515;45,76587;106,1606;0;0;0;-107,7211;131,3508;-36,96692;-166,0428;115,6257;-73,53669;-194,3559;95,44341;-93,68222;-208,4416;78,35927;-105,0475;-11,74079;84,91904;9,430758;381,1512;91,11108;236,7732;632,1243;124,6356;387,633;762,7891;124,1924;462,7637;863,9438;108,3827;517,9778;111,9083;28,51233;69,85388;569,4738;6,370015;329,0229;921,8051;-59,67601;519,2764;1105,957;-125,1382;612,8171;1250,284;-203,1445;681,0391;225,3524;-15,46603;126,772;705,4823;-63,40237;394,0125;1010,416;-119,0697;558,9303;1166,529;-202,54;632,8808;1289,245;-322,2228;680,7037;334,8663;-61,84071;180,9709;806,84;-134,8745;438,7318;1062,226;-183,7776;576,4178;1188,965;-226,2015;641,2849;1326,063;-296,6639;706,7704;0;0;0;-1,140118;2,773762;0,936091;-4,334449;8,268355;0,630498;-7,008076;12,954;0,107288;-9,033679;16,51847;-0,370502;-0,960231;2,203345;0,296384;-2,130031;4,244327;-1,70517;-4,082679;7,736205;-4,637718;-5,17559;9,66525;-6,279945;-6,048202;11,25598;-7,670402;-0,723124;1,460194;-0,508904;-1,750946;3,081992;-2,925396;-6,231308;6,694794;-7,784842;-8,731841;8,749722;-10,51712;-10,79178;10,50424;-12,85458;-0,492096;0,760138;-1,208782;-1,28746;1,811743;-3,815174;-3,061294;5,241394;-8,405684;-4,159927;7,327079;-11,14082;-5,235672;9,325503;-13,68999;-0,274658;0,092983;-1,906156;-0,75531;0,43273;-4,540443;-2,008438;3,015518;-8,291244;-2,689361;4,395961;-10,27107;-3,501892;6,022453;-12,58564;11,06438;14,64248;15,05759;16,01694;15,8723;41,56098;3,094084;1,386351;2,270813;-2,71065;3,58523;3,804159;-8,454844;3,521478;5,204206;5,264289;-7,569812;3,550272;10,22474;10,09081;-9,916412;3,409845;4,591286;5,312716;0;0;0;0;0;0;0;0;0,43602;-0,003319;0;-0,002232;0;0;0;0;0;0;0;0;14,114;-36,43341;-0,227451;-0,508118;-33,89111;4,680347;0,196552;0,186253;-15,50102;0,001717;0;-0,267792;-43,17626;1,587867;-0,072098;0;-42,45528;1,447105;0,152779;0,133896
105;1680;00:00:01:720;0;0;0;-1,724562;-2,139112;4,237828;-3,515321;-2,936287;8,572719;-5,233707;-3,511302;12,23182;-6,611122;-3,918122;15,00468;-2,174527;-1,415317;3,464533;-8,722727;-1,468428;7,228336;-13,1022;-1,787021;9,786295;-15,38546;-1,821045;11,23721;-17,15579;-1,733448;12,46345;-2,760437;-0,510256;2,457481;-9,592349;-0,091127;5,647619;-14,63603;0,666669;8,039069;-17,26197;1,295874;9,467779;-19,31251;1,989753;10,74406;-3,312195;0,257689;1,508845;-9,799191;1,106718;3,828727;-14,23517;1,728559;6,011346;-16,50494;2,455506;7,475723;-18,30196;3,424176;8,99252;-3,837674;1,030507;0,60553;-9,488867;2,297827;1,790053;-13,06887;2,880634;3,397144;-14,83927;3,306727;4,299194;-16,74789;3,952259;5,419727;-45,74501;44,02941;124,2178;15,57713;18,92957;-115,3295;18,6712;18,92955;-115,3294;20,20643;18,8814;-114,8688;20,20643;18,8814;-114,8688;-46,12499;44,02942;124,2178;-47,64121;41,66216;125,3813;-43,61093;42,20967;126,0467;-39,10881;42,84379;127,0791;-39,27545;42,69689;126,8336;-50,78991;48,06821;117,7455;-48,91089;49,76367;115,1067;-45,2616;48,36144;113,0474;-41,46764;47,3303;111,0659;-41,28992;47,47425;111,3073;-57,13967;51,97945;109,5136;-49,38728;47,70753;114,4072;-40,67398;46,35043;112,3387;-33,80258;44,13367;107,7987;-33,58382;44,28362;108,1124;-68,80286;56,34601;95,25119;-51,54755;49,35156;111,822;-48,28502;48,15779;110,056;-46,03297;45,56547;105,8709;-45,83098;45,76934;106,1533;0;0;0;-107,7211;131,3508;-36,96692;-166,0428;115,6257;-73,53669;-194,3559;95,44341;-93,68222;-208,4416;78,35927;-105,0475;-11,74079;84,91904;9,430758;381,1512;91,11108;236,7732;632,1243;124,6356;387,633;762,7891;124,1924;462,7637;863,9438;108,3827;517,9778;111,9083;28,51233;69,85388;569,4738;6,370015;329,0229;921,7617;-59,65097;519,2484;1105,89;-125,0996;612,7736;1250,199;-203,095;680,9834;225,3524;-15,46603;126,772;705,4823;-63,40237;394,0125;1010,416;-119,0697;558,9303;1166,529;-202,54;632,8808;1289,245;-322,2228;680,7037;334,8663;-61,84071;180,9709;806,84;-134,8745;438,7318;1062,252;-183,7783;576,4133;1189,003;-226,2024;641,2781;1326,116;-296,6652;706,7611;0;0;0;0;0;0;0;0;0;0;0;0;0;0;0;0;0;0;0;0;0;0;0;0;0;0;0;0;0;0;0;0;0;0;0;0;-2,603531;1,502395;-1,682281;-3,988266;2,313137;-2,606392;-5,132675;2,974033;-3,344536;0;0;0;0;0;0;0;0;0;0;0;0;0;0;0;0;0;0;0;0;0;1,527786;-0,036478;-0,268936;2,311706;-0,05579;-0,409126;3,181458;-0,075817;-0,56076;11,06438;14,64176;15,05759;16,01775;15,8723;41,56098;3,094084;1,386351;2,270813;-2,71065;3,58523;3,804159;-8,449478;3,521478;5,204206;5,264289;-7,569812;3,550272;10,22474;10,09081;-9,922638;3,410132;4,591286;5,312716;0;0;0;0;0;0;0;0;0,32198;0;0;0;0;0;0;0;-0,373535;0,017238;0;0;0;0;0;0;0;0;0;0;-6,842422;0,199127;0;0,133896;0;0;0;0;-22,41211;1,03426;0;0
106;1696;00:00:01:736;0;0;0;-1,724546;-2,138587;4,2381;-3,515201;-2,934581;8,573251;-5,233488;-3,508573;12,23255;-6,610824;-3,91461;15,00557;-2,174495;-1,414844;3,464747;-8,722573;-1,467197;7,228771;-13,10181;-1,784342;9,787316;-15,3849;-1,817587;11,23852;-17,15506;-1,729365;12,46494;-2,760386;-0,509849;2,457623;-9,592167;-0,090005;5,647945;-14,63582;0,668519;8,039228;-17,26172;1,298126;9,467825;-19,31222;1,992339;10,74399;-3,31213;0,258032;1,508929;-9,799001;1,10767;3,828939;-14,23497;1,730194;6,011392;-16,5032;2,459607;7,476918;-18,29688;3,431828;8,995404;-3,837595;1,03079;0,605553;-9,488675;2,298556;1,790136;-13,06865;2,88189;3,397086;-14,83903;3,308259;4,29905;-16,74761;3,954103;5,419466;-45,73833;44,03311;124,2191;15,58039;18,91689;-115,3353;18,67446;18,91687;-115,3352;20,20957;18,8687;-114,8747;20,20958;18,86869;-114,8747;-46,1183;44,03312;124,2191;-47,62474;41,66764;125,3801;-43,59423;42,21502;126,0457;-39,09181;42,84891;127,0784;-39,25852;42,70208;126,833;-50,7834;48,07243;117,7471;-48,90751;49,77032;115,1043;-45,25867;48,36818;113,0446;-41,46511;47,3371;111,0628;-41,28733;47,48103;111,3043;-57,13366;51,98425;109,5151;-49,38443;47,71453;114,404;-40,61298;46,35748;112,3351;-33,69212;44,14405;107,7912;-33,47302;44,29355;108,1053;-68,79851;56,35158;95,2515;-51,54506;49,35854;111,8187;-48,28289;48,16486;110,0524;-46,03168;45,57261;105,8665;-45,82962;45,77646;106,149;0;0;0;-107,7211;131,3508;-36,96692;-166,0251;115,5908;-73,53352;-194,3226;95,3787;-93,67695;-208,3962;78,27177;-105,0408;-11,74079;84,91904;9,430758;381,1512;91,11108;236,7732;632,1364;124,5745;387,6362;762,8079;124,0988;462,7668;863,9679;108,2633;517,9789;111,9083;28,51233;69,85388;569,4738;6,370015;329,0229;921,7733;-59,63235;519,2211;1105,907;-125,071;612,7318;1250,221;-203,0581;680,9297;225,3524;-15,46603;126,772;705,4823;-63,40237;394,0125;1010,436;-119,0703;558,9276;1166,544;-202,7074;632,8375;1289,227;-322,6601;680,5439;334,8663;-61,84071;180,9709;806,84;-134,8745;438,7318;1062,274;-183,7943;576,4302;1189,036;-226,2266;641,3037;1326,162;-296,6986;706,7963;0;0;0;0;0;0;1,059294;-2,090692;0,190258;1,995563;-3,882765;0,316501;2,722263;-5,249977;0,402689;0;0;0;0;0;0;0,729561;-3,662824;0,193119;1,124382;-5,613327;0,188828;1,441955;-7,164001;0,068665;0;0;0;0;0;0;0,692368;1,117229;-1,633644;1,03569;1,720905;-2,511978;1,333237;2,211571;-3,221512;0;0;0;0;0;0;1,213074;-0,035763;-0,165939;0,915527;-10,03933;-2,597809;-1,070022;-26,23844;-9,584426;0;0;0;0;0;0;1,304626;-0,959873;1,012802;1,974106;-1,450539;1,533508;2,717972;-2,001285;2,111435;11,06395;14,64167;15,0551;16,01763;15,88035;41,55767;3,094084;1,386351;2,268226;-2,699144;3,585285;3,804159;-8,452893;3,521478;5,204168;5,264289;-7,573725;3,550382;10,28329;10,1434;-9,926442;3,410189;4,591243;5,312716;0,483055;-0,198441;0;0;-0,155239;0,690365;0,003276;0;-0,204906;0;-0,00226;0;-0,234776;0,006609;3,51305;3,155365;-0,228252;0,003433;-0,002575;0;28,9833;-11,90643;0;0;-9,314345;41,42188;0,196552;0;-31,61316;0;-0,135613;0;-14,08653;0,396538;210,783;189,3219;8,716964;-0,828266;-0,154495;0
107;1712;00:00:01:752;0;0;0;-1,724546;-2,138587;4,2381;-3,515201;-2,934581;8,573251;-5,233488;-3,508573;12,23255;-6,610824;-3,91461;15,00557;-2,174495;-1,414844;3,464747;-8,722573;-1,467197;7,228771;-13,1019;-1,784104;9,787196;-15,38503;-1,817222;11,23833;-17,15523;-1,728899;12,4647;-2,760386;-0,509849;2,457623;-9,592167;-0,090005;5,647945;-14,63578;0,668421;8,039358;-17,26165;1,297975;9,468022;-19,31213;1,992144;10,74424;-3,31213;0,258032;1,508929;-9,799001;1,10767;3,828939;-14,23497;1,730194;6,011392;-16,5032;2,459607;7,476918;-18,29688;3,431828;8,995404;-3,837595;1,03079;0,605553;-9,488675;2,298556;1,790136;-13,06865;2,88189;3,397086;-14,83903;3,308259;4,29905;-16,74761;3,954103;5,419466;-45,73833;44,03311;124,2191;15,58039;18,91689;-115,3353;18,67446;18,91687;-115,3352;20,20957;18,8687;-114,8747;20,20958;18,86869;-114,8747;-46,1183;44,03312;124,2191;-47,62541;41,66988;125,3774;-43,59486;42,21725;126,0431;-39,09241;42,85116;127,0758;-39,25912;42,70433;126,8303;-50,7834;48,07243;117,7471;-48,90598;49,7692;115,1063;-45,25713;48,3671;113,0466;-41,46355;47,33606;111,0648;-41,28578;47,47999;111,3062;-57,13366;51,98425;109,5151;-49,38443;47,71453;114,404;-40,61298;46,35748;112,3351;-33,69212;44,14405;107,7912;-33,47302;44,29355;108,1053;-68,79851;56,35158;95,2515;-51,54506;49,35854;111,8187;-48,28289;48,16486;110,0524;-46,03168;45,57261;105,8665;-45,82962;45,77646;106,149;0;0;0;-107,722;131,3192;-36,98323;-166,0323;115,4884;-73,56548;-194,3357;95,215;-93,7213;-208,4141;78,06107;-105,0943;-11,74273;84,89061;9,417906;381,142;91,03725;236,7471;632,1285;124,4076;387,5759;762,7985;123,8819;462,6898;863,9552;108,0063;517,8902;111,9052;28,48794;69,84534;569,4629;6,302686;329,0033;921,7504;-59,74344;519,2131;1105,877;-125,2062;612,7314;1250,184;-203,2134;680,9366;225,3485;-15,48662;126,767;705,4709;-63,45945;393,9997;1010,424;-119,1685;558,9248;1166,44;-202,9534;632,7658;1288,922;-323,1192;680,371;334,8615;-61,85767;180,9695;806,8285;-134,9182;438,7267;1062,261;-183,8697;576,4337;1189,022;-226,3185;641,3124;1326,145;-296,8092;706,812;0;0;0;-0,05579;-1,891136;-0,979006;-0,429869;-6,144046;-1,9176;-0,788927;-9,822248;-2,660751;-1,074314;-12,6425;-3,213644;-0,116676;-1,705527;-0,771135;-0,552177;-4,430294;-1,56641;-0,47493;-10,01358;-3,619194;-0,557899;-13,01479;-4,620552;-0,761032;-15,41948;-5,321502;-0,185251;-1,463413;-0,512838;-0,655174;-4,039719;-1,17445;-1,367569;-6,665468;-0,483513;-1,808166;-8,11243;-0,017166;-2,214432;-9,314059;0,417709;-0,233173;-1,235247;-0,301838;-0,683784;-3,425002;-0,766754;-0,738144;-5,8887;-0,163078;-6,254196;-14,76431;-4,300117;-18,29338;-27,54593;-10,37979;-0,286102;-1,017809;-0,0844;-0,686645;-2,622843;-0,300407;-0,778198;-4,523992;0,208855;-0,858307;-5,51176;0,520706;-0,989914;-6,640434;0,938415;11,06426;14,64144;15,0551;16,01763;15,88035;41,55767;3,094084;1,386351;2,26529;-2,697983;3,58534;3,804159;-8,451174;3,521478;5,204206;5,264326;-7,573725;3,550382;10,28329;10,1434;-9,926442;3,410189;4,591243;5,312716;0;0;0;0;-0,176139;0,069637;0,003276;0;0,103169;0;0,00226;0,002232;0;0;0;0;0;0;0;0;-28,9833;11,90643;0;0;-1,253986;-37,24365;0;0;18,4845;0;0,271225;0,133896;14,08653;-0,396538;-210,783;-189,3219;13,69514;-0,205994;0,154495;0
108;1728;00:00:01:768;0;0;0;-1,724546;-2,138587;4,2381;-3,515201;-2,934581;8,573251;-5,233488;-3,508573;12,23255;-6,610824;-3,91461;15,00557;-2,174495;-1,414844;3,464747;-8,722573;-1,467197;7,228771;-13,1019;-1,784104;9,787196;-15,38503;-1,817222;11,23833;-17,15523;-1,728899;12,4647;-2,760386;-0,509849;2,457623;-9,592167;-0,090005;5,647945;-14,63574;0,668337;8,039468;-17,26159;1,297845;9,468192;-19,31205;1,991978;10,74446;-3,31213;0,258032;1,508929;-9,799001;1,10767;3,828939;-14,23497;1,730194;6,011392;-16,5032;2,459607;7,476918;-18,29688;3,431828;8,995404;-3,837595;1,03079;0,605553;-9,488675;2,298556;1,790136;-13,06865;2,88189;3,397086;-14,83903;3,308259;4,29905;-16,74761;3,954103;5,419466;-45,73833;44,03311;124,2191;15,58039;18,91689;-115,3353;18,67446;18,91687;-115,3352;20,20957;18,8687;-114,8747;20,20958;18,86869;-114,8747;-46,1183;44,03312;124,2191;-47,62541;41,66988;125,3774;-43,59486;42,21725;126,0431;-39,09241;42,85116;127,0758;-39,25912;42,70433;126,8303;-50,7834;48,07243;117,7471;-48,90468;49,76825;115,108;-45,25581;48,36617;113,0483;-41,4622;47,33515;111,0665;-41,28444;47,47906;111,3079;-57,13366;51,98425;109,5151;-49,38443;47,71453;114,404;-40,61298;46,35748;112,3351;-33,69212;44,14405;107,7912;-33,47302;44,29355;108,1053;-68,79851;56,35158;95,2515;-51,54506;49,35854;111,8187;-48,28289;48,16486;110,0524;-46,03168;45,57261;105,8665;-45,82962;45,77646;106,149;0;0;0;-107,722;131,3192;-36,98323;-166,0323;115,4884;-73,56548;-194,3357;95,215;-93,7213;-208,4141;78,06107;-105,0943;-11,74273;84,89061;9,417906;381,142;91,03725;236,7471;632,1338;124,3934;387,5831;762,8064;123,86;462,701;863,9651;107,9783;517,905;111,9052;28,48794;69,84534;569,4629;6,302686;329,0033;921,7392;-59,73759;519,2065;1105,86;-125,1971;612,7215;1250,161;-203,2017;680,9241;225,3485;-15,48662;126,767;705,4709;-63,45945;393,9997;1010,424;-119,1685;558,9248;1166,44;-202,9534;632,7658;1288,922;-323,1192;680,371;334,8615;-61,85767;180,9695;806,8285;-134,9182;438,7267;1062,261;-183,8697;576,4337;1189,022;-226,3185;641,3124;1326,145;-296,8092;706,812;0;0;0;0;0;0;0;0;0;0;0;0;0;0;0;0;0;0;0;0;0;0,314713;-0,856161;0,434876;0,472069;-1,312494;0,67234;0,595093;-1,676559;0,884056;0;0;0;0;0;0;-0,675201;0,351191;-0,39196;-1,041412;0,542164;-0,597954;-1,350403;0,69809;-0,752449;0;0;0;0;0;0;0;0;0;0;0;0;0;0;0;0;0;0;0;0;0;0;0;0;0;0;0;0;0;0;11,06426;14,64124;15,0551;16,01763;15,88035;41,55767;3,094084;1,386351;2,26529;-2,697983;3,58534;3,804159;-8,44971;3,521478;5,204206;5,264289;-7,573725;3,550382;10,28329;10,1434;-9,926442;3,410189;4,591243;5,312716;0;0;0;0;0;0;0;0;0,087833;0;0;-0,002232;0;0;0;0;0;0;0;0;0;0;0;0;10,56833;-4,178238;-0,196552;0;-0,920105;0;-0,135613;-0,267792;0;0;0;0;0;0;0;0
109;1744;00:00:01:784;0;0;0;-1,724546;-2,138587;4,2381;-3,515201;-2,934581;8,573251;-5,233488;-3,508573;12,23255;-6,610824;-3,91461;15,00557;-2,174495;-1,414844;3,464747;-8,722573;-1,467197;7,228771;-13,1019;-1,784104;9,787196;-15,38503;-1,817222;11,23833;-17,15523;-1,728899;12,4647;-2,760386;-0,509849;2,457623;-9,592167;-0,090005;5,647945;-14,63569;0,668231;8,039606;-17,26152;1,297683;9,468404;-19,31195;1,991769;10,74473;-3,31213;0,258032;1,508929;-9,799001;1,10767;3,828939;-14,23497;1,730194;6,011392;-16,5032;2,459607;7,476918;-18,29688;3,431828;8,995404;-3,837595;1,03079;0,605553;-9,488675;2,298556;1,790136;-13,06865;2,88189;3,397086;-14,83858;3,309038;4,299568;-16,74599;3,956468;5,421055;-45,73833;44,03311;124,2191;15,58039;18,91689;-115,3353;18,67446;18,91687;-115,3352;20,20957;18,8687;-114,8747;20,20958;18,86869;-114,8747;-46,1183;44,03312;124,2191;-47,62541;41,66988;125,3774;-43,59486;42,21725;126,0431;-39,09241;42,85116;127,0758;-39,25912;42,70433;126,8303;-50,7834;48,07243;117,7471;-48,90305;49,76703;115,1101;-45,25416;48,36499;113,0504;-41,46052;47,33402;111,0686;-41,28276;47,47794;111,3101;-57,13366;51,98425;109,5151;-49,38443;47,71453;114,404;-40,61298;46,35748;112,3351;-33,69212;44,14405;107,7912;-33,47302;44,29355;108,1053;-68,79851;56,35158;95,2515;-51,54506;49,35854;111,8187;-48,2536;48,16485;110,0524;-45,97747;45,57403;105,8646;-45,7752;45,77771;106,1473;0;0;0;-107,722;131,3192;-36,98323;-166,0323;115,4884;-73,56548;-194,3357;95,215;-93,7213;-208,4141;78,06107;-105,0943;-11,74273;84,89061;9,417906;381,142;91,03725;236,7471;632,1338;124,3934;387,5831;762,8064;123,86;462,701;863,9651;107,9783;517,905;111,9052;28,48794;69,84534;569,4629;6,302686;329,0033;921,7261;-59,73256;519,2015;1105,84;-125,1894;612,7137;1250,136;-203,1918;680,9141;225,3485;-15,48662;126,767;705,4709;-63,45945;393,9997;1010,424;-119,1685;558,9248;1166,44;-202,9534;632,7658;1288,922;-323,1192;680,371;334,8615;-61,85767;180,9695;806,8285;-134,9182;438,7267;1062,261;-183,8697;576,4337;1189,017;-226,3802;641,3044;1326,124;-297,0012;706,7756;0;0;0;0;0;0;0;0;0;0;0;0;0;0;0;0;0;0;0;0;0;0;0;0;0;0;0;0;0;0;0;0;0;0;0;0;-0,78392;0,301838;-0,297546;-1,213074;0,463486;-0,463486;-1,544952;0,595093;-0,603676;0;0;0;0;0;0;0;0;0;0;0;0;0;0;0;0;0;0;0;0;0;0;0;0;-0,28038;-3,700733;-0,477791;-1,270294;-11,51705;-2,18296;11,06426;14,641;15,0551;16,01682;15,88035;41,55767;3,094084;1,386351;2,26529;-2,697983;3,58534;3,804159;-8,447873;3,521478;5,204206;5,264289;-7,573725;3,550382;10,28329;10,1434;-9,926442;3,410189;4,620588;5,339022;0;0;0;0;0;0;0;0;0,110207;0;0;0;0;0;0;0;0;0;1,760702;1,578398;0;0;0;0;0;0;0;0;1,342392;0;0;0,133896;0;0;0;0;0;0;105,6421;94,70385
110;1760;00:00:01:800;0;0;0;-1,724546;-2,138587;4,2381;-3,514893;-2,935107;8,573282;-5,232924;-3,509555;12,23263;-6,610068;-3,915942;15,0057;-2,174495;-1,414844;3,464747;-8,722573;-1,467197;7,228771;-13,1019;-1,784104;9,787196;-15,38503;-1,817222;11,23833;-17,15523;-1,728899;12,4647;-2,760386;-0,509849;2,457623;-9,592167;-0,090005;5,647945;-14,63568;0,668224;8,039615;-17,26151;1,297671;9,468417;-19,31194;1,991755;10,74475;-3,31213;0,258032;1,508929;-9,799001;1,10767;3,828939;-14,23497;1,730194;6,011392;-16,5032;2,459607;7,476918;-18,29688;3,431828;8,995404;-3,837595;1,03079;0,605553;-9,488675;2,298556;1,790136;-13,06865;2,88189;3,397086;-14,83858;3,309038;4,299568;-16,74599;3,956468;5,421055;-45,73833;44,03311;124,2191;15,57456;18,92043;-115,3338;18,66864;18,92042;-115,3338;20,20378;18,87229;-114,8732;20,20379;18,87228;-114,8732;-46,1183;44,03312;124,2191;-47,62541;41,66988;125,3774;-43,59486;42,21725;126,0431;-39,09241;42,85116;127,0758;-39,25912;42,70433;126,8303;-50,7834;48,07243;117,7471;-48,90293;49,76696;115,1103;-45,25405;48,36492;113,0505;-41,4604;47,33394;111,0687;-41,28264;47,47786;111,3102;-57,13366;51,98425;109,5151;-49,38443;47,71453;114,404;-40,61298;46,35748;112,3351;-33,69212;44,14405;107,7912;-33,47302;44,29355;108,1053;-68,79851;56,35158;95,2515;-51,54506;49,35854;111,8187;-48,2536;48,16485;110,0524;-45,97747;45,57403;105,8646;-45,7752;45,77771;106,1473;0;0;0;-107,722;131,3192;-36,98323;-166,0598;115,5073;-73,5805;-194,3877;95,24986;-93,74808;-208,4852;78,10805;-105,1296;-11,74273;84,89061;9,417906;381,142;91,03725;236,7471;632,1338;124,3934;387,5831;762,8064;123,86;462,701;863,9651;107,9783;517,905;111,9052;28,48794;69,84534;569,4629;6,302686;329,0033;921,7226;-59,72624;519,1933;1105,834;-125,1797;612,7011;1250,128;-203,1793;680,8979;225,3485;-15,48662;126,767;705,4709;-63,45945;393,9997;1010,424;-119,1685;558,9248;1166,44;-202,9534;632,7658;1288,922;-323,1192;680,371;334,8615;-61,85767;180,9695;806,8285;-134,9182;438,7267;1062,261;-183,8697;576,4337;1188,99;-226,4269;641,2733;1326,027;-297,143;706,6803;0;0;0;0;0;0;-1,652241;1,135111;-0,901222;-3,116369;2,092123;-1,606822;-4,262924;2,81918;-2,118587;0;0;0;0;0;0;0;0;0;0;0;0;0;0;0;0;0;0;0;0;0;-0,211716;0,379086;-0,494957;-0,331879;0,583649;-0,758171;-0,440598;0,751019;-0,969887;0;0;0;0;0;0;0;0;0;0;0;0;0;0;0;0;0;0;0;0;0;0;0;0;-1,625061;-2,806663;-1,865387;-5,825042;-8,510112;-5,716323;11,06527;14,64221;15,05639;16,01803;15,87688;41,56406;3,09402;1,386351;2,26529;-2,697983;3,58534;3,804159;-8,447758;3,521478;5,204206;5,264289;-7,573725;3,550382;10,28329;10,1434;-9,926442;3,410189;4,620588;5,339022;-0,208168;0,383377;-0,003791;0;0;0;0;0;0,006924;0;0;0;0;0;0;0;0;0;0;0;-12,49008;23,00262;-0,227451;0;0;0;0;0;-6,196975;0;0;0;0;0;0;0;0;0;-105,6421;-94,70385
111;1776;00:00:01:816;0;0;0;-1,724546;-2,138587;4,2381;-3,514579;-2,935622;8,573317;-5,23235;-3,510517;12,23272;-6,609299;-3,917248;15,00583;-2,174495;-1,414844;3,464747;-8,722573;-1,467197;7,228771;-13,1019;-1,784104;9,787196;-15,38503;-1,817222;11,23833;-17,15523;-1,728899;12,4647;-2,760386;-0,509849;2,457623;-9,592167;-0,090005;5,647945;-14,63553;0,6679;8,040038;-17,26128;1,297172;9,469069;-19,31164;1,991113;10,74558;-3,31213;0,258032;1,508929;-9,799001;1,10767;3,828939;-14,23497;1,730194;6,011392;-16,5032;2,459607;7,476918;-18,29688;3,431828;8,995404;-3,837595;1,03079;0,605553;-9,488675;2,298556;1,790136;-13,06865;2,88189;3,397086;-14,83858;3,309038;4,299568;-16,74599;3,956468;5,421055;-45,73833;44,03311;124,2191;15,56871;18,92384;-115,3324;18,66278;18,92383;-115,3324;20,19797;18,87574;-114,8717;20,19798;18,87573;-114,8717;-46,1183;44,03312;124,2191;-47,62541;41,66988;125,3774;-43,59486;42,21725;126,0431;-39,09241;42,85116;127,0758;-39,25912;42,70433;126,8303;-50,7834;48,07243;117,7471;-48,89791;49,76324;115,1169;-45,24895;48,36133;113,0571;-41,45525;47,33048;111,0753;-41,27749;47,47438;111,3167;-57,13366;51,98425;109,5151;-49,38443;47,71453;114,404;-40,61298;46,35748;112,3351;-33,69212;44,14405;107,7912;-33,47302;44,29355;108,1053;-68,79851;56,35158;95,2515;-51,54506;49,35854;111,8187;-48,2536;48,16485;110,0524;-45,97747;45,57403;105,8646;-45,7752;45,77771;106,1473;0;0;0;-107,722;131,3192;-36,98323;-166,1058;115,5571;-73,59753;-194,4734;95,3423;-93,77995;-208,6012;78,23316;-105,1729;-11,74273;84,89061;9,417906;381,142;91,03725;236,7471;632,1338;124,3934;387,5831;762,8064;123,86;462,701;863,9651;107,9783;517,905;111,9052;28,48794;69,84534;569,4629;6,302686;329,0033;921,6894;-59,72595;519,1978;1105,783;-125,1792;612,7079;1250,063;-203,1787;680,9065;225,3485;-15,48662;126,767;705,4709;-63,45945;393,9997;1010,424;-119,1685;558,9248;1166,44;-202,9534;632,7658;1288,922;-323,1192;680,371;334,8615;-61,85767;180,9695;806,8285;-134,9182;438,7267;1062,261;-183,8697;576,4337;1188,99;-226,4269;641,2733;1326,027;-297,143;706,6803;0;0;0;0;0;0;-2,758741;2,984762;-1,0221;-5,141973;5,54645;-1,912236;-6,962299;7,506608;-2,596378;0;0;0;0;0;0;0;0;0;0;0;0;0;0;0;0;0;0;0;0;0;-1,991272;0,017166;0,266075;-3,061294;0,02718;0,406265;-3,931045;0,034332;0,514984;0;0;0;0;0;0;0;0;0;0;0;0;0;0;0;0;0;0;0;0;0;0;0;0;0;0;0;0;0;0;11,06629;14,64267;15,05767;16,01923;15,87358;41,57047;3,09402;1,386351;2,26529;-2,697983;3,58534;3,804159;-8,44213;3,521422;5,204206;5,264289;-7,573725;3,550382;10,28329;10,1434;-9,926442;3,410189;4,620588;5,339022;-0,197754;0,384064;0;0;0;0;0;0;0,337658;-0,003347;0;0;0;0;0;0;0;0;0;0;0,624847;0,041199;0,227451;0;0;0;0;0;19,84405;-0,200844;0;0;0;0;0;0;0;0;0;0
112;1792;00:00:01:832;0;0;0;-1,724546;-2,138587;4,2381;-3,514579;-2,935622;8,573317;-5,23235;-3,510517;12,23272;-6,609299;-3,917248;15,00583;-2,174495;-1,414844;3,464747;-8,722573;-1,467197;7,228771;-13,1019;-1,784104;9,787196;-15,38503;-1,817222;11,23833;-17,15523;-1,728899;12,4647;-2,760386;-0,509849;2,457623;-9,592167;-0,090005;5,647945;-14,63529;0,66739;8,040703;-17,26091;1,296387;9,470095;-19,31117;1,990103;10,7469;-3,31213;0,258032;1,508929;-9,799001;1,10767;3,828939;-14,23497;1,730194;6,011392;-16,5032;2,459607;7,476918;-18,29688;3,431828;8,995404;-3,837595;1,03079;0,605553;-9,488675;2,298556;1,790136;-13,0675;2,884432;3,398741;-14,83717;3,312078;4,301496;-16,74479;3,95933;5,422729;-45,73833;44,03311;124,2191;15,56871;18,92384;-115,3324;18,66278;18,92383;-115,3324;20,19797;18,87574;-114,8717;20,19798;18,87573;-114,8717;-46,1183;44,03312;124,2191;-47,62541;41,66988;125,3774;-43,59486;42,21725;126,0431;-39,09241;42,85116;127,0758;-39,25912;42,70433;126,8303;-50,7834;48,07243;117,7471;-48,89002;49,75742;115,1272;-45,24097;48,35569;113,0674;-41,44713;47,32502;111,0856;-41,26939;47,46891;111,327;-57,13366;51,98425;109,5151;-49,38443;47,71453;114,404;-40,61298;46,35748;112,3351;-33,69212;44,14405;107,7912;-33,47302;44,29355;108,1053;-68,79851;56,35158;95,2515;-51,49818;49,35855;111,8187;-48,23715;48,16581;110,0509;-45,98831;45,57577;105,8619;-45,78606;45,7795;106,1446;0;0;0;-107,722;131,3192;-36,98323;-166,1246;115,588;-73,59963;-194,5078;95,40001;-93,78518;-208,6473;78,31148;-105,1809;-11,74273;84,89061;9,417906;381,142;91,03725;236,7471;632,1338;124,3934;387,5831;762,8064;123,86;462,701;863,9651;107,9783;517,905;111,9052;28,48794;69,84534;569,4629;6,302686;329,0033;921,6285;-59,70672;519,1798;1105,689;-125,1496;612,6807;1249,942;-203,1406;680,8713;225,3485;-15,48662;126,767;705,4709;-63,45945;393,9997;1010,424;-119,1685;558,9248;1166,44;-202,9534;632,7658;1288,922;-323,1192;680,371;334,8615;-61,85767;180,9695;806,8285;-134,9182;438,7267;1062,254;-184,064;576,4231;1188,984;-226,6585;641,2576;1326,03;-297,3544;706,6678;0;0;0;0;0;0;-1,129389;1,854658;-0,125885;-2,065658;3,462553;-0,313997;-2,768039;4,69923;-0,477791;0;0;0;0;0;0;0;0;0;0;0;0;0;0;0;0;0;0;0;0;0;-3,656387;1,154065;-1,075745;-5,624771;1,776695;-1,630783;-7,232665;2,284527;-2,111435;0;0;0;0;0;0;0;0;0;0;0;0;0;0;0;0;0;0;0;0;0;-0,383377;-11,66296;-0,635147;-0,383377;-13,8917;-0,944138;0,183106;-12,68291;-0,752449;11,06629;14,64147;15,05767;16,01888;15,87358;41,57047;3,09402;1,386351;2,26529;-2,697983;3,58534;3,804159;-8,433286;3,521366;5,204168;5,264289;-7,573725;3,550382;10,28329;10,1434;-9,926462;3,45774;4,591243;5,312716;0;0;0;0;0;0;0;0;0,530663;-0,003333;-0,00226;0;0;0;0;0;-0,001202;2,85304;-1,760702;-1,578398;11,86523;-23,04382;0;0;0;0;0;0;11,58028;0,000858;-0,135613;0;0;0;0;0;-0,072098;171,1824;-105,6421;-94,70385
113;1808;00:00:01:848;0;0;0;-1,724546;-2,138587;4,2381;-3,513499;-2,936264;8,573644;-5,230371;-3,511719;12,23338;-6,606641;-3,91888;15,00677;-2,174495;-1,414844;3,464747;-8,722573;-1,467197;7,228771;-13,10189;-1,784346;9,787172;-15,38503;-1,817593;11,2383;-17,15524;-1,729372;12,46466;-2,760386;-0,509849;2,457623;-9,592167;-0,090005;5,647945;-14,63529;0,667383;8,040712;-17,2609;1,296376;9,470109;-19,31116;1,99009;10,74692;-3,31213;0,258032;1,508929;-9,799001;1,10767;3,828939;-14,23497;1,730194;6,011392;-16,5032;2,459607;7,476918;-18,29688;3,431828;8,995404;-3,837595;1,03079;0,605553;-9,488675;2,298556;1,790136;-13,0675;2,884432;3,398741;-14,83717;3,312078;4,301496;-16,74479;3,95933;5,422729;-45,73833;44,03311;124,2191;15,5531;18,92391;-115,3324;18,64718;18,92389;-115,3323;20,18235;18,87592;-114,8717;20,18236;18,87592;-114,8717;-46,1183;44,03312;124,2191;-47,62682;41,66877;125,3788;-43,59631;42,21615;126,0444;-39,09389;42,85008;127,0771;-39,26059;42,70324;126,8316;-50,7834;48,07243;117,7471;-48,8899;49,75733;115,1274;-45,24085;48,35561;113,0675;-41,44702;47,32495;111,0857;-41,26928;47,46881;111,3272;-57,13366;51,98425;109,5151;-49,38443;47,71453;114,404;-40,61298;46,35748;112,3351;-33,69212;44,14405;107,7912;-33,47302;44,29355;108,1053;-68,79851;56,35158;95,2515;-51,49818;49,35855;111,8187;-48,23715;48,16581;110,0509;-45,98831;45,57577;105,8619;-45,78606;45,7795;106,1446;0;0;0;-107,722;131,3192;-36,98323;-166,1873;115,5896;-73,64572;-194,6263;95,40224;-93,86788;-208,8092;78,31388;-105,2906;-11,74273;84,89061;9,417906;381,142;91,03725;236,7471;632,1262;124,4057;387,5822;762,7946;123,879;462,7002;863,9501;108,0025;517,9044;111,9052;28,48794;69,84534;569,4629;6,302686;329,0033;921,6134;-59,67612;519,1402;1105,666;-125,1025;612,6192;1249,912;-203,0801;680,7926;225,3485;-15,48662;126,767;705,4709;-63,45945;393,9997;1010,424;-119,1685;558,9248;1166,44;-202,9534;632,7658;1288,922;-323,1192;680,371;334,8615;-61,85767;180,9695;806,8285;-134,9182;438,7267;1062,185;-184,2166;576,3239;1188,899;-226,8409;641,1419;1325,958;-297,5262;706,5673;0;0;0;0;0;0;-3,76296;0,097275;-2,765536;-7,110357;0,133395;-4,962086;-9,710311;0,144124;-6,581783;0;0;0;0;0;0;-0,457764;0,74172;-0,052929;-0,706673;1,135826;-0,051498;-0,898361;1,449823;-0,037193;0;0;0;0;0;0;-0,904083;1,835704;-2,37751;-1,390457;2,82669;-3,690719;-1,796722;3,633499;-4,720687;0;0;0;0;0;0;0;0;0;0;0;0;0;0;0;0;0;0;0;0;0;-4,171371;-9,150981;-5,956649;-5,098342;-10,94341;-6,940842;-4,343032;-10,3054;-6,028175;11,06929;14,64469;15,06091;16,02192;15,87632;41,58649;3,09402;1,38621;2,266759;-2,700304;3,58534;3,804159;-8,433146;3,521366;5,204206;5,264289;-7,573725;3,550382;10,28329;10,1434;-9,926462;3,45774;4,591243;5,312716;0,164051;0,961761;0;-0,008469;0,08812;-0,139246;0;0;0,008411;0;0,00226;0;0;0;0;0;0;0;0;0;9,843062;57,70568;0;-0,508118;5,287169;-8,354759;0;0;-31,33507;0,199986;0,271225;0;0;0;0;0;0,072098;-171,1824;105,6421;94,70385
114;1824;00:00:01:864;0;0;0;-1,724546;-2,138587;4,2381;-3,513499;-2,936264;8,573644;-5,230371;-3,511719;12,23338;-6,606641;-3,91888;15,00677;-2,174495;-1,414844;3,464747;-8,722573;-1,467197;7,228771;-13,10189;-1,784346;9,787172;-15,38503;-1,817593;11,2383;-17,15524;-1,729372;12,46466;-2,760386;-0,509849;2,457623;-9,592167;-0,090005;5,647945;-14,63529;0,667383;8,040712;-17,2609;1,296376;9,470109;-19,31116;1,99009;10,74692;-3,31213;0,258032;1,508929;-9,799001;1,10767;3,828939;-14,23497;1,730194;6,011392;-16,5032;2,459607;7,476918;-18,29688;3,431828;8,995404;-3,837595;1,03079;0,605553;-9,488675;2,298556;1,790136;-13,0675;2,884432;3,398741;-14,83717;3,312078;4,301496;-16,74479;3,95933;5,422729;-45,73833;44,03311;124,2191;15,5531;18,92391;-115,3324;18,64718;18,92389;-115,3323;20,18235;18,87592;-114,8717;20,18236;18,87592;-114,8717;-46,1183;44,03312;124,2191;-47,62682;41,66877;125,3788;-43,59631;42,21615;126,0444;-39,09389;42,85008;127,0771;-39,26059;42,70324;126,8316;-50,7834;48,07243;117,7471;-48,8899;49,75733;115,1274;-45,24085;48,35561;113,0675;-41,44702;47,32495;111,0857;-41,26928;47,46881;111,3272;-57,13366;51,98425;109,5151;-49,38443;47,71453;114,404;-40,61298;46,35748;112,3351;-33,69212;44,14405;107,7912;-33,47302;44,29355;108,1053;-68,79851;56,35158;95,2515;-51,49818;49,35855;111,8187;-48,23715;48,16581;110,0509;-45,98831;45,57577;105,8619;-45,78606;45,7795;106,1446;0;0;0;-107,722;131,3192;-36,98323;-166,2521;115,6281;-73,66534;-194,7451;95,47437;-93,90758;-208,9687;78,41183;-105,3468;-11,74273;84,89061;9,417906;381,142;91,03725;236,7471;632,126;124,4202;387,5836;762,7947;123,9012;462,7022;863,9506;108,0308;517,9066;111,9052;28,48794;69,84534;569,4629;6,302686;329,0033;921,6133;-59,6757;519,1396;1105,666;-125,1018;612,6183;1249,912;-203,0793;680,7915;225,3485;-15,48662;126,767;705,4709;-63,45945;393,9997;1010,424;-119,1685;558,9248;1166,44;-202,9534;632,7658;1288,922;-323,1192;680,371;334,8615;-61,85767;180,9695;806,8285;-134,9182;438,7267;1062,185;-184,2166;576,3239;1188,899;-226,8409;641,1419;1325,958;-297,5262;706,5673;0;0;0;0;0;0;-3,88813;2,311706;-1,177311;-7,126808;4,327654;-2,381801;-9,570121;5,876898;-3,374577;0;0;0;0;0;0;-0,011444;0,868321;0,085831;0,005722;1,332521;0,120163;0,02861;1,701593;0,134468;0;0;0;0;0;0;-0,005722;0,025034;-0,037193;-0,02861;0,040054;-0,051498;-0,022888;0,047207;-0,065804;0;0;0;0;0;0;0;0;0;0;0;0;0;0;0;0;0;0;0;0;0;0;0;0;0;0;0;0;0;0;11,06929;14,64469;15,06091;16,02192;15,87632;41,58649;3,09402;1,38621;2,266759;-2,700304;3,58534;3,804159;-8,433146;3,521366;5,204206;5,264289;-7,573725;3,550382;10,28329;10,1434;-9,926462;3,45774;4,591243;5,312716;0;0;0;0;0;0;0;0;0;0;0;0;0;0;0;0;0;0;0;0;-9,843062;-57,70568;0;0,508118;-5,287169;8,354759;0;0;-0,504684;0;-0,135613;0;0;0;0;0;0;0;0;0
115;1840;00:00:01:880;0;0;0;-1,724546;-2,138587;4,2381;-3,512563;-2,937822;8,573744;-5,228662;-3,514628;12,23363;-6,604349;-3,922827;15,00715;-2,174495;-1,414844;3,464747;-8,722573;-1,467197;7,228771;-13,10189;-1,784346;9,787172;-15,38503;-1,817593;11,2383;-17,15524;-1,729372;12,46466;-2,760386;-0,509849;2,457623;-9,592167;-0,090005;5,647945;-14,63509;0,666963;8,041261;-17,2606;1,295728;9,470952;-19,31077;1,989258;10,748;-3,31213;0,258032;1,508929;-9,799001;1,10767;3,828939;-14,23497;1,730194;6,011392;-16,5032;2,459607;7,476918;-18,29688;3,431828;8,995404;-3,837595;1,03079;0,605553;-9,488675;2,298556;1,790136;-13,0675;2,884432;3,398741;-14,83717;3,312078;4,301496;-16,74479;3,95933;5,422729;-45,73833;44,03311;124,2191;15,53559;18,93431;-115,3281;18,62967;18,93429;-115,328;20,16494;18,88645;-114,8674;20,16495;18,88645;-114,8674;-46,1183;44,03312;124,2191;-47,62682;41,66877;125,3788;-43,59631;42,21615;126,0444;-39,09389;42,85008;127,0771;-39,26059;42,70324;126,8316;-50,7834;48,07243;117,7471;-48,8834;49,75253;115,1359;-45,23428;48,35096;113,076;-41,44033;47,32045;111,0942;-41,26261;47,46431;111,3356;-57,13366;51,98425;109,5151;-49,38443;47,71453;114,404;-40,61298;46,35748;112,3351;-33,69212;44,14405;107,7912;-33,47302;44,29355;108,1053;-68,79851;56,35158;95,2515;-51,49818;49,35855;111,8187;-48,23715;48,16581;110,0509;-45,98831;45,57577;105,8619;-45,78606;45,7795;106,1446;0;0;0;-107,722;131,3192;-36,98323;-166,3346;115,6836;-73,71076;-194,9007;95,5766;-93,98849;-209,181;78,54956;-105,4537;-11,74273;84,89061;9,417906;381,142;91,03725;236,7471;632,126;124,4202;387,5836;762,7947;123,9012;462,7022;863,9506;108,0308;517,9066;111,9052;28,48794;69,84534;569,4629;6,302686;329,0033;921,5707;-59,67588;519,1459;1105,6;-125,1021;612,628;1249,828;-203,0796;680,8039;225,3485;-15,48662;126,767;705,4709;-63,45945;393,9997;1010,424;-119,1685;558,9248;1166,44;-202,9534;632,7658;1288,922;-323,1192;680,371;334,8615;-61,85767;180,9695;806,8285;-134,9182;438,7267;1062,185;-184,2166;576,3239;1188,899;-226,8409;641,1419;1325,958;-297,5262;706,5673;0;0;0;0;0;0;-4,945993;3,325939;-2,725124;-9,336232;6,13439;-4,854798;-12,74014;8,263706;-6,415844;0;0;0;0;0;0;0;0;0;0;0;0;0;0;0;0;0;0;0;0;0;-2,557754;-0,010729;0,380516;-3,942489;-0,017166;0,577927;-5,06401;-0,020027;0,743866;0;0;0;0;0;0;0;0;0;0;0;0;0;0;0;0;0;0;0;0;0;0;0;0;0;0;0;0;0;0;11,07234;14,6474;15,06477;16,02554;15,86622;41,60569;3,094147;1,386492;2,266759;-2,700304;3,58534;3,804159;-8,425854;3,521366;5,204206;5,264289;-7,573725;3,550382;10,28329;10,1434;-9,926462;3,45774;4,591243;5,312716;-0,606079;1,151733;0,007596;0,016944;0;0;0;0;0,437508;0;0;0;0;0;0;0;0;0;0;0;-36,36474;69,104;0,455761;1,016665;0;0;0;0;26,25045;0;0;0;0;0;0;0;0;0;0;0
116;1856;00:00:01:896;0;0;0;-1,724546;-2,138587;4,2381;-3,512563;-2,937822;8,573744;-5,228662;-3,514628;12,23363;-6,604349;-3,922827;15,00715;-2,174495;-1,414844;3,464747;-8,722573;-1,467197;7,228771;-13,10189;-1,784346;9,787172;-15,38503;-1,817593;11,2383;-17,15524;-1,729372;12,46466;-2,760386;-0,509849;2,457623;-9,592167;-0,090005;5,647945;-14,63509;0,666963;8,041261;-17,2606;1,295728;9,470952;-19,31077;1,989258;10,748;-3,31213;0,258032;1,508929;-9,799001;1,10767;3,828939;-14,23497;1,730194;6,011392;-16,5032;2,459607;7,476918;-18,29688;3,431828;8,995404;-3,837595;1,03079;0,605553;-9,488675;2,298556;1,790136;-13,0675;2,884432;3,398741;-14,83717;3,312078;4,301496;-16,74479;3,95933;5,422729;-45,73833;44,03311;124,2191;15,53559;18,93431;-115,3281;18,62967;18,93429;-115,328;20,16494;18,88645;-114,8674;20,16495;18,88645;-114,8674;-46,1183;44,03312;124,2191;-47,62682;41,66877;125,3788;-43,59631;42,21615;126,0444;-39,09389;42,85008;127,0771;-39,26059;42,70324;126,8316;-50,7834;48,07243;117,7471;-48,8834;49,75253;115,1359;-45,23428;48,35096;113,076;-41,44033;47,32045;111,0942;-41,26261;47,46431;111,3356;-57,13366;51,98425;109,5151;-49,38443;47,71453;114,404;-40,61298;46,35748;112,3351;-33,69212;44,14405;107,7912;-33,47302;44,29355;108,1053;-68,79851;56,35158;95,2515;-51,49818;49,35855;111,8187;-48,23715;48,16581;110,0509;-45,98831;45,57577;105,8619;-45,78606;45,7795;106,1446;0;0;0;-107,722;131,3192;-36,98323;-166,3907;115,7771;-73,71675;-195,0032;95,75117;-94,00346;-209,3185;78,7864;-105,4767;-11,74273;84,89061;9,417906;381,142;91,03725;236,7471;632,126;124,4202;387,5836;762,7947;123,9012;462,7022;863,9506;108,0308;517,9066;111,9052;28,48794;69,84534;569,4629;6,302686;329,0033;921,5588;-59,65067;519,113;1105,582;-125,0633;612,5774;1249,804;-203,0297;680,7389;225,3485;-15,48662;126,767;705,4709;-63,45945;393,9997;1010,424;-119,1685;558,9248;1166,44;-202,9534;632,7658;1288,922;-323,1192;680,371;334,8615;-61,85767;180,9695;806,8285;-134,9182;438,7267;1062,185;-184,2166;576,3239;1188,899;-226,8409;641,1419;1325,958;-297,5262;706,5673;0;0;0;0;0;0;-3,367424;5,611181;-0,359416;-6,150484;10,47385;-0,898361;-8,251189;14,21034;-1,378298;0;0;0;0;0;0;0;0;0;0;0;0;0;0;0;0;0;0;0;0;0;-0,715256;1,513123;-1,971245;-1,087189;2,331018;-3,035545;-1,401901;2,995491;-3,902435;0;0;0;0;0;0;0;0;0;0;0;0;0;0;0;0;0;0;0;0;0;0;0;0;0;0;0;0;0;0;11,07234;14,6474;15,06477;16,02554;15,86622;41,60569;3,094147;1,386492;2,266759;-2,700304;3,58534;3,804159;-8,425854;3,521366;5,204206;5,264289;-7,573725;3,550382;10,28329;10,1434;-9,926462;3,45774;4,591243;5,312716;0;0;0;0;0;0;0;0;0;0;0;0;0;0;0;0;0;0;0;0;36,36474;-69,104;-0,455761;-1,016665;0;0;0;0;-26,25045;0;0;0;0;0;0;0;0;0;0;0
117;1872;00:00:01:912;0;0;0;-1,724679;-2,138659;4,238009;-3,511854;-2,938438;8,5739;-5,227238;-3,515697;12,23405;-6,602384;-3,924237;15,00779;-2,17457;-1,414825;3,464707;-8,722584;-1,466738;7,228853;-13,10158;-1,783672;9,78783;-15,38453;-1,816816;11,23926;-17,15455;-1,728522;12,46588;-2,760391;-0,509714;2,457646;-9,59207;-0,089367;5,648123;-14,63469;0,667569;8,042102;-17,26;1,2963;9,472163;-19,31;1,989786;10,74952;-3,312076;0,258278;1,509007;-9,798819;1,108434;3,82919;-14,23456;1,731017;6,012078;-16,50263;2,460429;7,477865;-18,29612;3,432617;8,996591;-3,83748;1,031141;0,605686;-9,488413;2,299406;1,790449;-13,06706;2,885334;3,399427;-14,83662;3,312995;4,30238;-16,74411;3,96025;5,423842;-45,73965;44,02975;124,2124;15,52101;18,93662;-115,3347;18,61506;18,93661;-115,3348;20,15036;18,88889;-114,874;20,15037;18,88887;-114,874;-46,11963;44,02976;124,2124;-47,62133;41,66102;125,3773;-43,59088;42,20838;126,0429;-39,0886;42,84222;127,0756;-39,25527;42,6954;126,8301;-50,78426;48,06901;117,7407;-48,87784;49,74449;115,1378;-45,22844;48,34306;113,078;-41,4342;47,31269;111,0963;-41,25649;47,45652;111,3378;-57,13378;51,98078;109,5092;-49,38088;47,70789;114,4034;-40,60917;46,35093;112,3346;-33,68774;44,13772;107,791;-33,46868;44,28719;108,1051;-68,79705;56,34818;95,24695;-51,49379;49,35188;111,8189;-48,23255;48,1592;110,0512;-45,98323;45,56944;105,8624;-45,78103;45,77315;106,1451;0;0;0;-107,722;131,3192;-36,98323;-166,4387;115,777;-73,75247;-195,094;95,75037;-94,06766;-209,4426;78,78486;-105,5618;-11,74273;84,89061;9,417906;381,142;91,03725;236,7471;632,0945;124,4027;387,5833;762,7465;123,8744;462,701;863,8889;107,9967;517,9043;111,9052;28,48794;69,84534;569,4629;6,302686;329,0033;921,5181;-59,65084;519,119;1105,519;-125,0635;612,5868;1249,724;-203,03;680,7509;225,3485;-15,48662;126,767;705,4709;-63,45945;393,9997;1010,399;-119,1677;558,9281;1166,4;-202,9522;632,7711;1288,87;-323,1177;680,3777;334,8615;-61,85767;180,9695;806,8285;-134,9182;438,7267;1062,164;-184,216;576,3276;1188,867;-226,8401;641,1474;1325,914;-297,5251;706,5751;0;0;0;0;0;0;-2,88105;-0,005722;-2,143264;-5,450248;-0,047565;-3,851652;-7,44295;-0,092268;-5,106925;0;0;0;0;0;0;-1,888275;-1,047134;-0,021458;-2,898216;-1,605034;-0,068665;-3,702163;-2,049207;-0,137329;0;0;0;0;0;0;-2,437591;-0,010371;0,357628;-3,759384;-0,015736;0,563622;-4,829406;-0,020027;0,720978;0;0;0;0;0;0;-1,522064;0,045776;0,197411;-2,363205;0,071526;0,317574;-3,089905;0,090122;0,406265;0;0;0;0;0;0;-1,264572;0,031471;0,226021;-1,916885;0,045776;0,331879;-2,643585;0,064373;0,469208;11,07388;14,64896;15,06656;16,02722;15,86865;41,61802;3,09402;1,386069;2,272623;-2,69704;3,58523;3,804211;-8,418906;3,521311;5,204206;5,264252;-7,568827;3,550217;10,28331;10,14342;-9,92131;3,457627;4,591328;5,312716;0,146084;0,739746;-0,007596;-0,025413;0,35182;0,195837;-0,006552;0,003104;0,416851;-0,003347;0;-0,002232;0,293884;-0,009928;0,001087;0,001202;0,309105;-0,006809;0,005121;0;8,765029;44,38476;-0,455761;-1,524782;21,1092;11,75022;-0,393105;0,186253;25,01106;-0,200844;0;-0,133896;17,63305;-0,595665;0,065231;0,072098;18,54629;-0,408554;0,307274;0
118;1888;00:00:01:928;0;0;0;-1,724679;-2,138659;4,238009;-3,511859;-2,938477;8,573892;-5,227247;-3,515769;12,23404;-6,602395;-3,924335;15,00777;-2,17457;-1,414825;3,464707;-8,722584;-1,466738;7,228853;-13,10158;-1,783672;9,78783;-15,38453;-1,816816;11,23926;-17,15455;-1,728522;12,46588;-2,760391;-0,509714;2,457646;-9,59207;-0,089367;5,648123;-14,63468;0,667555;8,04212;-17,25999;1,296278;9,472191;-19,30998;1,989758;10,74956;-3,312076;0,258278;1,509007;-9,798819;1,108434;3,82919;-14,23456;1,731017;6,012078;-16,50263;2,460429;7,477865;-18,29612;3,432617;8,996591;-3,83748;1,031141;0,605686;-9,488413;2,299406;1,790449;-13,06706;2,885334;3,399427;-14,83617;3,313775;4,302896;-16,74249;3,962614;5,425429;-45,73965;44,02975;124,2124;15,5209;18,93704;-115,3346;18,61497;18,93703;-115,3345;20,15027;18,8893;-114,8739;20,15028;18,8893;-114,8739;-46,11963;44,02976;124,2124;-47,62133;41,66102;125,3773;-43,59088;42,20838;126,0429;-39,0886;42,84222;127,0756;-39,25527;42,6954;126,8301;-50,78426;48,06901;117,7407;-48,87761;49,74431;115,1381;-45,22821;48,34289;113,0783;-41,43399;47,31252;111,0966;-41,25626;47,45638;111,3381;-57,13378;51,98078;109,5092;-49,38088;47,70789;114,4034;-40,60917;46,35093;112,3346;-33,68774;44,13772;107,791;-33,46868;44,28719;108,1051;-68,79705;56,34818;95,24695;-51,49379;49,35188;111,8189;-48,20324;48,15921;110,0512;-45,92902;45,57085;105,8605;-45,72659;45,77437;106,1435;0;0;0;-107,714;131,3236;-36,97783;-166,4822;115,8162;-73,7619;-195,1812;95,8186;-94,09278;-209,5628;78,87495;-105,6002;-11,7382;84,88951;9,42032;381,1426;91,0097;236,7422;632,0759;124,3623;387,5438;762,7161;123,8278;462,6429;863,848;107,9457;517,8313;111,9055;28,47981;69,84395;569,4571;6,26441;328,9927;921,4923;-59,68721;519,0688;1105,481;-125,0978;612,5145;1249,675;-203,0618;680,66;225,3453;-15,50137;126,7623;705,46;-63,50529;393,9846;1010,374;-119,2171;558,8869;1166,366;-203,0015;632,7143;1288,825;-323,165;680,3065;334,8546;-61,87873;180,9616;806,8127;-134,9692;438,708;1062,137;-184,2701;576,2864;1188,829;-226,9568;641,0864;1325,852;-297,7722;706,4717;0;0;0;0,478506;0,258923;0,324547;-2,607107;2,349615;-0,565767;-5,230665;4,093766;-1,507401;-7,212638;5,405187;-2,301693;0,272244;-0,066161;0,144839;0,037193;-1,652598;-0,296116;-1,115799;-2,424001;-2,368927;-1,816749;-2,797365;-3,484726;-2,454757;-3,061294;-4,377365;0,016451;-0,487447;-0,083327;-0,349045;-2,296597;-0,638008;-1,550674;-2,182603;-3,009796;-2,277374;-2,057791;-4,33731;-2,952575;-1,90258;-5,45597;-0,19455;-0,88495;-0,28038;-0,652313;-2,750516;-0,901222;-1,459122;-2,960443;-2,471924;-2,054214;-2,958297;-3,410339;-2,717972;-2,839565;-4,271507;-0,410557;-1,263499;-0,475645;-0,944138;-3,062725;-1,127243;-1,573563;-3,245831;-2,471924;-2,231598;-6,999493;-3,662109;-3,702163;-14,82725;-6,202697;11,07388;14,64895;15,06659;16,02644;15,86814;41,61817;3,09402;1,38621;2,272623;-2,69704;3,58523;3,804211;-8,41865;3,521311;5,204206;5,264289;-7,568827;3,550217;10,28331;10,14342;-9,92131;3,457627;4,620588;5,338985;-0,030727;0,008926;0;0,008469;0;0;0;0;0,015392;0;0;0,002232;0;0;0;0;0;0;1,755581;1,576195;-10,60867;-43,84917;0,455761;2,0329;-21,1092;-11,75022;0,393105;-0,186253;-24,08752;0,200844;0;0,267792;-17,63305;0,595665;-0,065231;-0,072098;-18,54629;0,408554;105,0276;94,57167
119;1904;00:00:01:944;0;0;0;-1,725129;-2,137959;4,238179;-3,512674;-2,936295;8,574183;-5,228355;-3,512304;12,23439;-6,603722;-3,919884;15,00816;-2,174912;-1,414195;3,464749;-8,723183;-1,465102;7,228461;-13,10241;-1,780859;9,787193;-15,38546;-1,813366;11,23848;-17,15556;-1,72456;12,46495;-2,760595;-0,509173;2,457529;-9,592457;-0,087874;5,64749;-14,63528;0,669998;8,040727;-17,2607;1,299246;9,470366;-19,31078;1,993161;10,74736;-3,312157;0,258735;1,508749;-9,798989;1,109699;3,828382;-14,23497;1,733218;6,010523;-16,50315;2,463167;7,475858;-18,29674;3,435841;8,994159;-3,837441;1,031517;0,60529;-9,488354;2,300375;1,789503;-13,06833;2,884527;3,396164;-14,83869;3,311308;4,297971;-16,74722;3,957611;5,418206;-45,73811;44,03825;124,2091;15,53123;18,92394;-115,3399;18,62531;18,92392;-115,3399;20,16049;18,87613;-114,8792;20,1605;18,87611;-114,8792;-46,1181;44,03826;124,2091;-47,61729;41,67213;125,3709;-43,58664;42,21944;126,0367;-39,08405;42,85324;127,0696;-39,2508;42,70642;126,8241;-50,78404;48,07756;117,7364;-48,88177;49,75567;115,1284;-45,23285;48,35413;113,0684;-41,43912;47,32365;111,0863;-41,26134;47,46752;111,3279;-57,13554;51,98927;109,5034;-49,38617;47,72015;114,3922;-40,61494;46,36306;112,3231;-33,69462;44,14949;107,7789;-33,47549;44,29898;108,0931;-68,80276;56,35615;95,23779;-51,54782;49,36447;111,8057;-48,28587;48,17073;110,0393;-46,03512;45,57831;105,8532;-45,83305;45,78218;106,1356;0;0;0;-107,714;131,3236;-36,97783;-166,46;115,7775;-73,75672;-195,1394;95,74676;-94,08401;-209,5058;78,77782;-105,5889;-11,7382;84,88951;9,42032;381,1426;91,0097;236,7422;632,0941;124,3386;387,5456;762,744;123,7914;462,6449;863,8837;107,8992;517,8328;111,9055;28,47981;69,84395;569,4571;6,26441;328,9927;921,5165;-59,68626;519,064;1105,519;-125,0963;612,5071;1249,723;-203,0598;680,6507;225,3453;-15,50137;126,7623;705,46;-63,50529;393,9846;1010,404;-119,2179;558,8831;1166,412;-203,0029;632,7083;1288,885;-323,1668;680,2988;334,8546;-61,87873;180,9616;806,8127;-134,9692;438,708;1062,171;-184,0764;576,2923;1188,859;-226,6497;641,08;1325,85;-297,3201;706,4521;0;0;0;0;0;0;1,331806;-2,322435;0,311136;2,510547;-4,310846;0,525713;3,417492;-5,827188;0,675917;0;0;0;0;0;0;1,09005;-1,424789;0,107288;1,673698;-2,183676;0,117302;2,140045;-2,787351;0,091553;0;0;0;0;0;0;1,4534;0,057578;-0,294685;2,248764;0,088692;-0,44632;2,878189;0,114441;-0,555038;0;0;0;0;0;0;1,768112;-0,052214;-0,226021;2,74086;-0,081539;-0,360489;3,587722;-0,104427;-0,466347;0;0;0;0;0;0;1,996994;11,62505;0,354767;1,76239;18,42356;-0,383377;-0,114441;27,12536;-1,17588;11,07378;14,64881;15,06657;16,0285;15,87757;41,61397;3,093957;1,386351;2,269089;-2,692536;3,58523;3,804159;-8,422894;3,521311;5,204206;5,264289;-7,574503;3,550437;10,28331;10,14342;-9,927848;3,410247;4,591243;5,312716;0,565624;-0,25177;-0,003805;0,008469;-0,21203;0,270224;0;-0,003104;-0,254631;0;0;0;-0,340548;0,013247;0;0;-0,392246;-2,842784;-1,760702;-1,576195;35,78109;-15,64178;-0,22831;0;-12,72182;16,21342;0;-0,186253;-16,2014;0;0;-0,133896;-20,43285;0,794792;0;0;-23,53477;-170,567;-210,977;-189,1433
120;1920;00:00:02:000;0;0;0;-1,725912;-2,13781;4,237935;-3,514021;-2,935862;8,573759;-5,230173;-3,511619;12,23379;-6,605893;-3,919005;15,00741;-2,175535;-1,414034;3,464425;-8,724403;-1,464546;7,2271;-13,10404;-1,780292;9,785132;-15,38732;-1,812796;11,23605;-17,15761;-1,723988;12,46224;-2,761011;-0,508995;2,457099;-9,593355;-0,087295;5,645971;-14,63651;0,67086;8,038418;-17,26213;1,300256;9,467645;-19,31236;1,99429;10,74432;-3,312382;0,258928;1,508221;-9,799538;1,110264;3,826815;-14,23593;1,734252;6,007993;-16,50361;2,465492;7,473464;-18,29578;3,439976;8,992268;-3,837483;1,031726;0,604668;-9,488517;2,300896;1,787968;-13,06757;2,887826;3,395671;-14,83735;3,316005;4,297967;-16,74507;3,963846;5,418684;-45,74793;44,04401;124,1993;15,53878;18,92475;-115,3409;18,63285;18,92475;-115,3409;20,16805;18,87689;-114,8802;20,16805;18,87688;-114,8803;-46,12791;44,04401;124,1993;-47,62786;41,67675;125,3633;-43,59723;42,22415;126,0289;-39,09463;42,85809;127,0618;-39,26138;42,71124;126,8163;-50,79551;48,08249;117,7249;-48,89374;49,76008;115,1164;-45,24472;48,35827;113,0566;-41,45095;47,3275;111,0748;-41,27319;47,47141;111,3163;-57,14901;51,99305;109,4898;-49,40121;47,72716;114,3761;-40,60069;46,36968;112,3072;-33,65532;44,15689;107,7617;-33,436;44,30625;108,076;-68,81895;56,35777;95,22132;-51,51405;49,36902;111,7924;-48,25312;48,17593;110,0247;-46,00455;45,58512;105,8361;-45,80229;45,78888;106,1188;0;0;0;-107,6871;131,2816;-36,98797;-166,4142;115,6345;-73,78005;-195,0788;95,51637;-94,11598;-209,4346;78,48032;-105,6266;-11,71768;84,85171;9,417771;381,1786;90,9115;236,7657;632,1348;124,1822;387,5828;762,7864;123,6034;462,6911;863,9266;107,6858;517,8877;111,9177;28,44737;69,85101;569,4803;6,174865;329,0307;921,5512;-59,83287;519,1477;1105,559;-125,2744;612,6169;1249,767;-203,264;680,7829;225,3501;-15,52875;126,7778;705,4702;-63,58121;394,0331;1010,449;-119,3506;558,9736;1166,466;-203,2513;632,805;1288,934;-323,5795;680,3618;334,8523;-61,90129;180,9854;806,8091;-135,0274;438,7648;1062,244;-184,2225;576,4771;1189,003;-226,7949;641,351;1326,122;-297,4234;706,8356;0;0;0;1,618624;-2,516269;-0,608861;2,745151;-8,578061;-1,400113;3,632068;-13,82339;-1,917958;4,275798;-17,85064;-2,263784;1,231134;-2,268076;-0,152886;2,157211;-5,891919;1,411915;2,443313;-9,3863;2,231598;2,540588;-11,27958;2,76947;2,57492;-12,80665;3,290176;0,734568;-1,946568;0,423789;1,390457;-5,372688;2,280235;2,082824;-8,796929;5,026817;2,420425;-10,68449;6,591797;2,689361;-12,2509;7,930755;0,291824;-1,642942;0,926971;0,612259;-4,555463;2,90823;2,689361;-7,96008;5,42736;3,290176;-14,90593;5,805015;2,929687;-24,76072;3,782272;-0,143051;-1,353621;1,424789;-0,217438;-3,488302;3,407478;4,371643;-8,764743;11,0836;8,651732;-8,714675;16,26205;16,29638;-6,195545;23,00548;11,07406;14,64907;15,06619;16,02766;15,88081;41,61522;3,09402;1,386069;2,270813;-2,694934;3,58523;3,804159;-8,422637;3,521366;5,204168;5,264289;-7,578414;3,550603;10,31258;10,16974;-9,928561;3,457797;4,591243;5,312716;0,194778;0,074615;0,003805;-0,016937;0,103469;-0,143881;0;0;0,015392;0,003347;-0,00226;0;-0,23469;0,009928;1,756039;1,579113;-0,042801;2,852983;0;0;-22,25075;19,58313;0,456619;-1,524353;18,92996;-24,84627;0;0,186253;16,2014;0,200844;-0,135613;0;6,35147;-0,199127;105,3623;94,74677;20,96672;341,746;105,6421;94,57167
121;1936;00:00:02:016;0;0;0;-1,727279;-2,137034;4,23777;-3,51579;-2,933355;8,573746;-5,232252;-3,507589;12,23387;-6,608199;-3,913797;15,00755;-2,176575;-1,413223;3,464102;-8,726232;-1,461894;7,225429;-13,10618;-1,776233;9,783092;-15,38961;-1,807991;11,2338;-17,15999;-1,718594;12,45983;-2,761635;-0,50814;2,456574;-9,594539;-0,084586;5,643998;-14,63807;0,675049;8,035195;-17,26317;1,306428;9,464482;-19,31226;2,002884;10,74168;-3,312634;0,259824;1,507514;-9,800072;1,112857;3,824692;-14,23683;1,738195;6,004735;-16,50468;2,470161;7,469582;-18,29697;3,445256;8,987851;-3,83737;1,032662;0,603783;-9,488356;2,303235;1,785803;-13,06761;2,891124;3,392725;-14,83747;3,319787;4,294619;-16,74527;3,968162;5,41489;-45,75753;44,0549;124,1794;15,54791;18,91147;-115,3553;18,64199;18,91147;-115,3553;20,17707;18,86354;-114,8947;20,17707;18,86353;-114,8947;-46,13752;44,05491;124,1794;-47,62889;41,68478;125,3477;-43,59814;42,23219;126,0135;-39,09535;42,86613;127,0464;-39,26215;42,71927;126,8009;-50,80762;48,09254;117,7027;-48,90862;49,77098;115,091;-45,23048;48,36881;113,0313;-41,41115;47,33837;111,0487;-41,23321;47,48215;111,2904;-57,16434;52,00182;109,4646;-49,41622;47,73837;114,3505;-40,61586;46,38052;112,2818;-33,67108;44,16686;107,7362;-33,45173;44,31627;108,0506;-68,83937;56,36395;95,19116;-51,52785;49,37808;111,7688;-48,26701;48,18472;110,0013;-46,01865;45,59318;105,8129;-45,8164;45,79699;106,0956;0;0;0;-107,6401;131,2727;-36,97334;-166,3353;115,5376;-73,77617;-194,9738;95,3432;-94,11947;-209,3098;78,24855;-105,6349;-11,6803;84,842;9,437263;381,2518;90,87815;236,8473;632,2108;124,1191;387,707;762,8644;123,5247;462,8367;864,0072;107,5947;518,0486;111,9427;28,43668;69,87682;569,5342;6,140113;329,1218;921,6359;-59,88451;519,2848;1105,656;-125,4276;612,7641;1249,868;-203,5664;680,9149;225,3637;-15,54038;126,8095;705,5031;-63,6151;394,1272;1010,519;-119,4131;559,1237;1166,514;-203,3914;632,9459;1288,903;-323,8283;680,4718;334,8548;-61,91381;181,0227;806,819;-135,0586;438,8568;1062,197;-184,4204;576,5068;1188,921;-227,0767;641,3514;1325,991;-297,7975;706,8072;0;0;0;2,820253;-0,536442;0,878334;4,732847;-5,810737;0,233173;6,302834;-10,3898;-0,209212;7,485866;-13,906;-0,493526;2,242326;-0,582218;1,169443;4,3931;-2,000928;4,89664;4,56047;-3,780126;7,451533;4,683494;-4,722833;8,737563;4,835128;-5,465984;9,65309;1,49703;-0,641584;1,548171;3,235817;-2,085082;5,465984;5,081176;-3,09813;8,222579;5,836486;-9,191751;8,829116;6,01387;-18,14031;7,919311;0,8111;-0,697821;1,90115;1,974106;-2,032757;5,643367;4,211425;-3,74794;9,006499;2,861023;-8,405684;8,454322;-1,859665;-14,93168;6,60038;0,150204;-0,751019;2,238035;0,589371;-1,873255;5,524635;-2,786636;-11,87682;1,782417;-4,909515;-16,90721;0,025749;-7,83348;-22,44615;-1,702309;11,07475;14,64916;15,06718;16,02824;15,89907;41,61818;3,09402;1,386351;2,274861;-2,689481;3,58523;3,804159;-8,424502;3,521366;5,233491;5,290688;-7,580952;3,550713;10,31258;10,1697;-9,928384;3,457797;4,591328;5,312716;1,0956;0,17807;0;0,016937;0,242844;0,327187;0;0;-0,111923;0;1,759386;1,583919;-0,152235;0,006609;0;-0,002346;0,010643;0;0,005121;0;54,0493;6,207274;-0,22831;2,032471;8,362483;28,26404;0;0;-7,63893;-0,200844;105,6988;95,03516;4,94728;-0,199127;-105,3623;-94,88753;3,206634;-171,179;0,307274;0
122;1952;00:00:02:032;0;0;0;-1,727279;-2,137034;4,23777;-3,51579;-2,933355;8,573746;-5,232252;-3,507589;12,23387;-6,608199;-3,913797;15,00755;-2,176575;-1,413223;3,464102;-8,726232;-1,461894;7,225429;-13,10619;-1,775987;9,783112;-15,38961;-1,807613;11,23383;-17,15999;-1,718111;12,45985;-2,761635;-0,50814;2,456574;-9,594539;-0,084586;5,643998;-14,63787;0,674633;8,035738;-17,26356;1,304595;9,464581;-19,31383;1,999078;10,74094;-3,312634;0,259824;1,507514;-9,800072;1,112857;3,824692;-14,23694;1,738438;6,004442;-16,50485;2,470539;7,469125;-18,2972;3,44575;8,987256;-3,83737;1,032662;0,603783;-9,488356;2,303235;1,785803;-13,06768;2,891326;3,392469;-14,83713;3,320871;4,294753;-16,74382;3,970946;5,415947;-45,75753;44,0549;124,1794;15,54791;18,91147;-115,3553;18,64199;18,91147;-115,3553;20,17707;18,86354;-114,8947;20,17707;18,86353;-114,8947;-46,13752;44,05491;124,1794;-47,62753;41,68595;125,3463;-43,59675;42,23336;126,0121;-39,09391;42,86728;127,0451;-39,26073;42,72043;126,7996;-50,80762;48,09254;117,7027;-48,90219;49,76622;115,0994;-45,25327;48,36421;113,0397;-41,45962;47,33325;111,0579;-41,28186;47,47717;111,2993;-57,16434;52,00182;109,4646;-49,42004;47,74134;114,3453;-40,61975;46,3834;112,2766;-33,6751;44,16951;107,7311;-33,45575;44,31895;108,0455;-68,83937;56,36395;95,19116;-51,53227;49,38107;111,763;-48,24216;48,18761;109,9955;-45,96896;45,59728;105,8053;-45,76652;45,80094;106,0882;0;0;0;-107,5581;131,2261;-36,96343;-166,2292;115,3873;-73,77541;-194,8491;95,10138;-94,1243;-209,1715;77,93607;-105,6434;-11,6179;84,79338;9,456619;381,3615;90,71905;236,9476;632,3474;123,8632;387,8304;763,0142;123,2174;462,9722;864,1658;107,2468;518,1943;111,9801;28,38541;69,90831;569,6052;5,97754;329,2401;921,687;-60,13604;519,4843;1105,659;-125,7056;612,9771;1249,795;-203,8477;681,1332;225,3788;-15,59414;126,8519;705,5352;-63,77072;394,2545;1010,597;-119,6503;559,3161;1166,615;-203,6727;633,1739;1289,022;-324,1466;680,7306;334,848;-61,96994;181,0758;806,8093;-135,1989;438,9868;1062,219;-184,6188;576,68;1188,954;-227,366;641,5391;1326,023;-298,2493;706,991;0;0;0;4,919528;-2,795934;0,594199;6,369352;-9,02295;0,045776;7,48372;-14,50932;-0,289679;8,298396;-18,74864;-0,509262;3,744363;-2,917528;1,161396;6,581783;-9,546517;6,016731;8,199691;-15,35582;7,402896;8,986472;-18,43715;8,128165;9,515761;-20,87259;8,743285;2,245903;-3,075957;1,889705;4,262924;-9,754434;7,102489;3,067016;-15,09189;11,97052;0,143051;-16,67762;12,78305;-4,383087;-16,88003;13,09776;0,905514;-3,225535;2,54631;1,922607;-9,337305;7,641791;4,657745;-14,23502;11,54423;6,036758;-16,87288;13,67855;7,152556;-19,0959;15,52677;-0,404835;-3,368139;3,186464;-0,577927;-8,42142;7,796287;1,31607;-11,90114;10,3941;1,939773;-17,35639;11,26099;1,916885;-27,11105;11,02638;11,07484;14,6492;15,06783;16,02806;15,89907;41,61818;3,09402;1,386351;2,273311;-2,687079;3,58523;3,804159;-8,417296;3,521311;5,204206;5,264252;-7,585506;3,550823;10,31258;10,16974;-9,933215;3,458023;4,620588;5,339022;0;0;0;0;-0,092955;0,144153;0;0;0,432358;-0,003347;-1,757126;-1,586151;-0,273256;0,006609;0;0,002346;-0,289879;0,01359;1,755581;1,578398;-65,73601;-10,6842;0;-1,016235;-20,14789;-10,98203;0;0;32,65686;-0,200844;-210,9907;-190,2042;-7,261277;0;0;0,281525;-18,03131;0,815391;105,0276;94,70385
123;1968;00:00:02:048;0;0;0;-1,727279;-2,137034;4,23777;-3,515477;-2,933871;8,573781;-5,23168;-3,508552;12,23395;-6,607432;-3,915104;15,00768;-2,176575;-1,413223;3,464102;-8,726232;-1,461894;7,225429;-13,10619;-1,775987;9,783112;-15,38961;-1,807613;11,23383;-17,15999;-1,718111;12,45985;-2,761635;-0,50814;2,456574;-9,594539;-0,084586;5,643998;-14,63787;0,674619;8,035757;-17,26355;1,304573;9,46461;-19,31382;1,99905;10,74098;-3,312634;0,259824;1,507514;-9,800072;1,112857;3,824692;-14,23694;1,738438;6,004442;-16,50485;2,470539;7,469125;-18,2972;3,44575;8,987256;-3,83737;1,032662;0,603783;-9,488356;2,303235;1,785803;-13,06884;2,888785;3,390815;-14,83901;3,317053;4,292307;-16,74665;3,965721;5,412687;-45,75753;44,0549;124,1794;15,54207;18,9149;-115,3539;18,63615;18,91489;-115,3539;20,17126;18,867;-114,8933;20,17126;18,867;-114,8933;-46,13752;44,05491;124,1794;-47,62753;41,68595;125,3463;-43,59675;42,23336;126,0121;-39,09391;42,86728;127,0451;-39,26073;42,72043;126,7996;-50,80762;48,09254;117,7027;-48,90195;49,76606;115,0997;-45,25305;48,36404;113,04;-41,45939;47,3331;111,0581;-41,28162;47,47701;111,2996;-57,16434;52,00182;109,4646;-49,42004;47,74134;114,3453;-40,61975;46,3834;112,2766;-33,6751;44,16951;107,7311;-33,45575;44,31895;108,0455;-68,83937;56,36395;95,19116;-51,57915;49,38106;111,763;-48,2879;48,18667;109,997;-46,01234;45,59411;105,8099;-45,81008;45,79792;106,0925;0;0;0;-107,5581;131,2261;-36,96343;-166,2566;115,4055;-73,7906;-194,9008;95,13499;-94,15134;-209,2421;77,98139;-105,6791;-11,6179;84,79338;9,456619;381,3615;90,71905;236,9476;632,3478;123,8484;387,8292;763,0143;123,1947;462,9707;864,1654;107,2178;518,1926;111,9801;28,38541;69,90831;569,6052;5,97754;329,2401;921,674;-60,11113;519,452;1105,68;-125,5956;612,9716;1249,886;-203,6194;681,1777;225,3788;-15,59414;126,8519;705,5352;-63,77072;394,2545;1010,603;-119,6649;559,3337;1166,625;-203,6953;633,2013;1289,035;-324,1762;680,7663;334,848;-61,96994;181,0758;806,8093;-135,1989;438,9868;1062,23;-184,4365;576,7059;1188,945;-227,1379;641,5549;1325,954;-298,0131;706,9767;0;0;0;0;0;0;-1,647234;1,094341;-0,911951;-3,106355;2,017021;-1,622558;-4,237175;2,719044;-2,145767;0;0;0;0;0;0;0,022888;-0,886917;-0,072956;0,005722;-1,360416;-0,088692;-0,022888;-1,737356;-0,100136;0;0;0;0;0;0;-0,78392;1,494169;-1,936912;1,264572;6,598949;-0,331879;5,487442;13,70001;2,669334;0;0;0;0;0;0;0,400543;-0,876904;1,052856;0,612259;-1,358986;1,645088;0,806809;-1,778126;2,142906;0;0;0;0;0;0;0,669479;10,93626;1,553535;-0,520706;13,68427;0,946999;-4,142761;14,17494;-0,852585;11,07586;14,6504;15,06912;16,03044;15,89578;41,62458;3,093957;1,386351;2,273311;-2,687079;3,58523;3,804159;-8,41704;3,521311;5,204168;5,264252;-7,585506;3,550823;10,31258;10,16974;-9,933195;3,410476;4,620588;5,339022;-0,197525;0,384064;-0,003805;0;0;0;0;0;0,015392;0;-0,00226;0;0;0;0;0;0,001202;-2,852797;0;0;-11,8515;23,04382;-0,22831;0;5,577277;-8,649158;0;0;-25,01793;0,200844;105,2919;95,16905;16,39538;-0,396538;0;-0,140762;17,46483;-171,9832;-105,3348;-94,70385
124;1984;00:00:02:064;0;0;0;-1,727279;-2,137034;4,23777;-3,51485;-2,934873;8,573854;-5,230534;-3,510425;12,23413;-6,605898;-3,917644;15,00796;-2,176575;-1,413223;3,464102;-8,726232;-1,461894;7,225429;-13,10619;-1,775987;9,783112;-15,38961;-1,807613;11,23383;-17,15999;-1,718111;12,45985;-2,761635;-0,50814;2,456574;-9,594539;-0,084586;5,643998;-14,63787;0,674619;8,035757;-17,26355;1,304573;9,46461;-19,31382;1,99905;10,74098;-3,312634;0,259824;1,507514;-9,800072;1,112857;3,824692;-14,23694;1,738438;6,004442;-16,50485;2,470539;7,469125;-18,2972;3,44575;8,987256;-3,83737;1,032662;0,603783;-9,488356;2,303235;1,785803;-13,06884;2,888785;3,390815;-14,83901;3,317053;4,292307;-16,74665;3,965721;5,412687;-45,75753;44,0549;124,1794;15,53051;18,92142;-115,3512;18,62458;18,92142;-115,3512;20,15975;18,87362;-114,8905;20,15976;18,87361;-114,8905;-46,13752;44,05491;124,1794;-47,62753;41,68595;125,3463;-43,59675;42,23336;126,0121;-39,09391;42,86728;127,0451;-39,26073;42,72043;126,7996;-50,80762;48,09254;117,7027;-48,90195;49,76606;115,0997;-45,25305;48,36404;113,04;-41,45939;47,3331;111,0581;-41,28162;47,47701;111,2996;-57,16434;52,00182;109,4646;-49,42004;47,74134;114,3453;-40,61975;46,3834;112,2766;-33,6751;44,16951;107,7311;-33,45575;44,31895;108,0455;-68,83937;56,36395;95,19116;-51,57915;49,38106;111,763;-48,2879;48,18667;109,997;-46,01234;45,59411;105,8099;-45,81008;45,79792;106,0925;0;0;0;-107,5581;131,2261;-36,96343;-166,3294;115,4714;-73,82297;-195,0372;95,25716;-94,2104;-209,4274;78,14648;-105,7582;-11,6179;84,79338;9,456619;381,3615;90,71905;236,9476;632,3478;123,8484;387,8292;763,0143;123,1947;462,9707;864,1654;107,2178;518,1926;111,9801;28,38541;69,90831;569,6052;5,97754;329,2401;921,6736;-60,11028;519,4509;1105,679;-125,5943;612,9698;1249,885;-203,6177;681,1754;225,3788;-15,59414;126,8519;705,5352;-63,77072;394,2545;1010,603;-119,6649;559,3337;1166,625;-203,6953;633,2013;1289,035;-324,1762;680,7663;334,848;-61,96994;181,0758;806,8093;-135,1989;438,9868;1062,3;-184,284;576,8051;1189,057;-226,9088;641,7017;1326,124;-297,6996;707,1724;0;0;0;0;0;0;-4,368066;3,951072;-1,941919;-8,180379;7,32994;-3,543377;-11,11793;9,905576;-4,742145;0;0;0;0;0;0;0;0;0;0;0;0;0;0;0;0;0;0;0;0;0;-0,022888;0,051141;-0,068665;-0,02861;0,079393;-0,108719;-0,045776;0,101566;-0,137329;0;0;0;0;0;0;0;0;0;0;0;0;0;0;0;0;0;0;0;0;0;4,171371;9,14812;5,953788;6,734848;13,74722;8,806228;10,19096;18,81122;11,73592;11,07789;14,65284;15,07166;16,03282;15,88955;41,63723;3,09402;1,386351;2,273311;-2,687079;3,58523;3,804159;-8,41704;3,521311;5,204168;5,264252;-7,585506;3,550823;10,31258;10,16974;-9,933195;3,410476;4,620588;5,339022;-0,37405;0,758514;0,003805;0;0;0;0;0;0;0;0;0;0;0;0;0;0;0;0;0;-10,59151;22,46704;0,456619;0;0;0;0;0;-0,923538;0;0,135613;0;0;0;0;0;-0,072098;171,1678;0;0
125;2000;00:00:02:080;0;0;0;-1,727279;-2,137034;4,23777;-3,51485;-2,934873;8,573854;-5,230534;-3,510425;12,23413;-6,605898;-3,917644;15,00796;-2,176575;-1,413223;3,464102;-8,726232;-1,461894;7,225429;-13,10619;-1,775987;9,783112;-15,38961;-1,807613;11,23383;-17,15999;-1,718111;12,45985;-2,761635;-0,50814;2,456574;-9,594539;-0,084586;5,643998;-14,63787;0,674619;8,035757;-17,26355;1,304573;9,46461;-19,31382;1,99905;10,74098;-3,312634;0,259824;1,507514;-9,800072;1,112857;3,824692;-14,23694;1,738438;6,004442;-16,50485;2,470539;7,469125;-18,2972;3,44575;8,987256;-3,83737;1,032662;0,603783;-9,488356;2,303235;1,785803;-13,06884;2,888785;3,390815;-14,83901;3,317053;4,292307;-16,74665;3,965721;5,412687;-45,75753;44,0549;124,1794;15,53051;18,92142;-115,3512;18,62458;18,92142;-115,3512;20,15975;18,87362;-114,8905;20,15976;18,87361;-114,8905;-46,13752;44,05491;124,1794;-47,62753;41,68595;125,3463;-43,59675;42,23336;126,0121;-39,09391;42,86728;127,0451;-39,26073;42,72043;126,7996;-50,80762;48,09254;117,7027;-48,90195;49,76606;115,0997;-45,25305;48,36404;113,04;-41,45939;47,3331;111,0581;-41,28162;47,47701;111,2996;-57,16434;52,00182;109,4646;-49,42004;47,74134;114,3453;-40,61975;46,3834;112,2766;-33,6751;44,16951;107,7311;-33,45575;44,31895;108,0455;-68,83937;56,36395;95,19116;-51,57915;49,38106;111,763;-48,2879;48,18667;109,997;-46,01234;45,59411;105,8099;-45,81008;45,79792;106,0925;0;0;0;-107,5581;131,2261;-36,96343;-166,3671;115,5315;-73,82735;-195,1059;95,36954;-94,22117;-209,5195;78,2989;-105,7747;-11,6179;84,79338;9,456619;381,3615;90,71905;236,9476;632,3478;123,8484;387,8292;763,0143;123,1947;462,9707;864,1654;107,2178;518,1926;111,9801;28,38541;69,90831;569,6052;5,97754;329,2401;921,6736;-60,11028;519,4509;1105,679;-125,5943;612,9698;1249,885;-203,6177;681,1754;225,3788;-15,59414;126,8519;705,5352;-63,77072;394,2545;1010,603;-119,6649;559,3337;1166,625;-203,6953;633,2013;1289,035;-324,1762;680,7663;334,848;-61,96994;181,0758;806,8093;-135,1989;438,9868;1062,3;-184,284;576,8051;1189,057;-226,9088;641,7017;1326,124;-297,6996;707,1724;0;0;0;0;0;0;-2,258062;3,607749;-0,262857;-4,125595;6,743073;-0,646234;-5,523204;9,144901;-0,992775;0;0;0;0;0;0;0;0;0;0;0;0;0;0;0;0;0;0;0;0;0;0;0;0;0;0;0;0;0;0;0;0;0;0;0;0;0;0;0;0;0;0;0;0;0;0;0;0;0;0;0;0;0;0;0;0;0;0;0;0;11,07789;14,65284;15,07166;16,03282;15,88955;41,63723;3,09402;1,386351;2,273311;-2,687079;3,58523;3,804159;-8,41704;3,521311;5,204168;5,264252;-7,585506;3,550823;10,31258;10,16974;-9,933195;3,410476;4,620588;5,339022;0;0;0;0;0;0;0;0;0;0;0;0;0;0;0;0;0;0;0;0;22,443;-45,51086;-0,22831;0;0;0;0;0;0;0;0;0;0;0;0;0;0;0;0;0
126;2016;00:00:02:096;0;0;0;-1,727279;-2,137034;4,23777;-3,514536;-2,935389;8,573889;-5,229961;-3,511387;12,23422;-6,605131;-3,918948;15,00809;-2,176575;-1,413223;3,464102;-8,726232;-1,461894;7,225429;-13,10619;-1,775987;9,783112;-15,38961;-1,807613;11,23383;-17,15999;-1,718111;12,45985;-2,761635;-0,50814;2,456574;-9,594539;-0,084586;5,643998;-14,63766;0,674187;8,03632;-17,26323;1,303908;9,465478;-19,31342;1,998196;10,7421;-3,312634;0,259824;1,507514;-9,800072;1,112857;3,824692;-14,23694;1,738438;6,004442;-16,50485;2,470539;7,469125;-18,2972;3,44575;8,987256;-3,83737;1,032662;0,603783;-9,488356;2,303235;1,785803;-13,06768;2,891326;3,392469;-14,83713;3,320871;4,294753;-16,74382;3,970946;5,415947;-45,75753;44,0549;124,1794;15,52466;18,92483;-115,3498;18,61873;18,92483;-115,3498;20,15393;18,87707;-114,8891;20,15394;18,87706;-114,8891;-46,13752;44,05491;124,1794;-47,62753;41,68595;125,3463;-43,59675;42,23336;126,0121;-39,09391;42,86728;127,0451;-39,26073;42,72043;126,7996;-50,80762;48,09254;117,7027;-48,89528;49,76113;115,1085;-45,24628;48,35927;113,0487;-41,45253;47,32848;111,0668;-41,27477;47,47239;111,3083;-57,16434;52,00182;109,4646;-49,42004;47,74134;114,3453;-40,61975;46,3834;112,2766;-33,6751;44,16951;107,7311;-33,45575;44,31895;108,0455;-68,83937;56,36395;95,19116;-51,53227;49,38107;111,763;-48,24216;48,18761;109,9955;-45,96896;45,59728;105,8053;-45,76652;45,80094;106,0882;0;0;0;-107,5581;131,2261;-36,96343;-166,3945;115,5497;-73,84255;-195,1577;95,40306;-94,24826;-209,5901;78,34406;-105,8105;-11,6179;84,79338;9,456619;381,3615;90,71905;236,9476;632,3478;123,8484;387,8292;763,0143;123,1947;462,9707;864,1654;107,2178;518,1926;111,9801;28,38541;69,90831;569,6052;5,97754;329,2401;921,6298;-60,11047;519,4573;1105,612;-125,5946;612,9797;1249,799;-203,618;681,188;225,3788;-15,59414;126,8519;705,5352;-63,77072;394,2545;1010,603;-119,6649;559,3337;1166,625;-203,6953;633,2013;1289,035;-324,1762;680,7663;334,848;-61,96994;181,0758;806,8093;-135,1989;438,9868;1062,293;-184,4784;576,7946;1189,046;-227,202;641,6779;1326,106;-298,1028;707,1231;0;0;0;0;0;0;-1,647234;1,09148;-0,911951;-3,10564;2,010941;-1,625419;-4,240036;2,709746;-2,145767;0;0;0;0;0;0;0;0;0;0;0;0;0;0;0;0;0;0;0;0;0;-2,626419;-0,011086;0,386238;-4,051208;-0,017881;0,592232;-5,201339;-0,022888;0,75531;0;0;0;0;0;0;0;0;0;0;0;0;0;0;0;0;0;0;0;0;0;-0,383377;-11,66367;-0,632286;-0,663757;-17,58957;-1,430511;-1,092911;-24,19567;-2,952575;11,07891;14,65305;15,07294;16,03286;15,88624;41,64362;3,09402;1,386351;2,273311;-2,687079;3,58523;3,804159;-8,409548;3,521255;5,204206;5,264289;-7,585506;3,550823;10,31258;10,16974;-9,933215;3,458023;4,620588;5,339022;-0,198326;0,383835;0;0;0;0;0;0;0,449524;-0,003319;0,00226;0,002232;0;0;0;0;-0,001202;2,852797;0;0;-11,89956;23,03009;0;0;0;0;0;0;26,97143;-0,199127;0,135613;0,133896;0;0;0;0;-0,072098;171,1678;0;0
127;2032;00:00:02:112;0;0;0;-1,727279;-2,137034;4,23777;-3,514536;-2,935389;8,573889;-5,229961;-3,511387;12,23422;-6,605131;-3,918948;15,00809;-2,176575;-1,413223;3,464102;-8,726232;-1,461894;7,225429;-13,10619;-1,775987;9,783112;-15,38961;-1,807613;11,23383;-17,15999;-1,718111;12,45985;-2,761635;-0,50814;2,456574;-9,594539;-0,084586;5,643998;-14,63772;0,67431;8,03616;-17,26332;1,304096;9,465231;-19,31353;1,998438;10,74178;-3,312634;0,259824;1,507514;-9,800072;1,112857;3,824692;-14,23694;1,738438;6,004442;-16,50485;2,470539;7,469125;-18,2972;3,44575;8,987256;-3,83737;1,032662;0,603783;-9,488356;2,303235;1,785803;-13,06884;2,888785;3,390815;-14,83946;3,316272;4,291791;-16,74826;3,963357;5,411099;-45,75753;44,0549;124,1794;15,52466;18,92483;-115,3498;18,61873;18,92483;-115,3498;20,15393;18,87707;-114,8891;20,15394;18,87706;-114,8891;-46,13752;44,05491;124,1794;-47,62753;41,68595;125,3463;-43,59675;42,23336;126,0121;-39,09391;42,86728;127,0451;-39,26073;42,72043;126,7996;-50,80762;48,09254;117,7027;-48,89717;49,76253;115,106;-45,24821;48,36064;113,0462;-41,45448;47,32978;111,0644;-41,2767;47,47371;111,3059;-57,16434;52,00182;109,4646;-49,42004;47,74134;114,3453;-40,61975;46,3834;112,2766;-33,6751;44,16951;107,7311;-33,45575;44,31895;108,0455;-68,83937;56,36395;95,19116;-51,57915;49,38106;111,763;-48,31721;48,18667;109,997;-46,06657;45,59268;105,8118;-45,8645;45,79666;106,0942;0;0;0;-107,5581;131,2261;-36,96343;-166,4133;115,5806;-73,84465;-195,1921;95,46077;-94,25349;-209,6361;78,42232;-105,8183;-11,6179;84,79338;9,456619;381,3615;90,71905;236,9476;632,3478;123,8484;387,8292;763,0143;123,1947;462,9707;864,1654;107,2178;518,1926;111,9801;28,38541;69,90831;569,6052;5,97754;329,2401;921,63;-60,0845;519,4216;1105,612;-125,5546;612,9247;1249,799;-203,5667;681,1175;225,3788;-15,59414;126,8519;705,5352;-63,77072;394,2545;1010,603;-119,6649;559,3337;1166,625;-203,6953;633,2013;1289,035;-324,1762;680,7663;334,848;-61,96994;181,0758;806,8093;-135,1989;438,9868;1062,23;-184,4365;576,7059;1188,949;-227,0762;641,5629;1325,975;-297,8212;707,0131;0;0;0;0;0;0;-1,128673;1,857519;-0,126243;-2,062797;3,462553;-0,313997;-2,759456;4,695296;-0,472069;0;0;0;0;0;0;0;0;0;0;0;0;0;0;0;0;0;0;0;0;0;0,011444;1,558185;-2,140045;0,017166;2,400398;-3,295898;0,022888;3,084183;-4,228591;0;0;0;0;0;0;0;0;0;0;0;0;0;0;0;0;0;0;0;0;0;-3,787994;2,515554;-5,321502;-5,796432;7,543086;-6,897926;-7,83348;16,90006;-6,606102;11,07891;14,65334;15,07294;16,03484;15,88624;41,64362;3,09402;1,386351;2,273311;-2,687079;3,58523;3,804159;-8,411672;3,521311;5,204206;5,264289;-7,585506;3,550823;10,31258;10,16974;-9,933195;3,410476;4,591243;5,312716;0;0;0;0;0;0;0;0;-0,12743;0,003319;0;0;0;0;0;0;0,001202;-2,852797;-1,760702;-1,578398;11,89956;-23,03009;0;0;0;0;0;0;-34,61723;0,398254;-0,135613;-0,133896;0;0;0;0;0,144196;-342,3357;-105,6421;-94,70385
128;2048;00:00:02:128;0;0;0;-1,728528;-2,136711;4,237423;-3,516814;-2,934473;8,573227;-5,233101;-3,509949;12,23324;-6,608918;-3,91711;15,00684;-2,177573;-1,412905;3,463605;-8,728205;-1,460932;7,223239;-13,10888;-1,774926;9,7797;-15,39271;-1,806499;11,22978;-17,16343;-1,716956;12,45531;-2,762307;-0,507828;2,455883;-9,596005;-0,083636;5,641519;-14,6397;0,675617;8,032491;-17,26559;1,305595;9,460934;-19,31606;2,000092;10,73698;-3,313005;0,260132;1,506644;-9,800981;1,113736;3,822104;-14,23851;1,740045;6,000303;-16,50682;2,472547;7,464159;-18,29956;3,448105;8,981605;-3,837452;1,032964;0,602741;-9,488653;2,303996;1,783239;-13,06961;2,890108;3,387006;-14,84047;3,317882;4,287354;-16,74957;3,965288;5,405973;-45,7725;44,06545;124,1649;15,53928;18,92513;-115,3504;18,63335;18,92512;-115,3504;20,16855;18,87725;-114,8897;20,16855;18,87725;-114,8897;-46,15248;44,06546;124,1649;-47,64456;41,6957;125,3341;-43,61378;42,24326;125,9997;-39,11087;42,87741;127,0326;-39,27769;42,73051;126,7871;-50,82541;48,10181;117,6854;-48,91442;49,76994;115,0897;-45,26534;48,36764;113,0303;-41,47163;47,33639;111,0486;-41,29389;47,48035;111,2901;-57,18559;52,00931;109,4437;-49,44332;47,75366;114,3211;-40,64307;46,39515;112,2527;-33,69876;44,17996;107,7076;-33,4794;44,32948;108,0219;-68,8656;56,36797;95,16523;-51,60382;49,39247;111,7374;-48,34183;48,19758;109,9718;-46,0911;45,60238;105,7874;-45,88906;45,80643;106,0697;0;0;0;-107,5581;131,2261;-36,96343;-166,4122;115,5619;-73,84912;-195,1899;95,4259;-94,26172;-209,6333;78,37507;-105,8295;-11,6179;84,79338;9,456619;381,3615;90,71905;236,9476;632,341;123,8684;387,828;763,0038;123,2253;462,9696;864,152;107,2568;518,1921;111,9801;28,38541;69,90831;569,6052;5,97754;329,2401;921,6216;-60,0919;519,433;1105,599;-125,566;612,9422;1249,783;-203,5813;681,14;225,3788;-15,59414;126,8519;705,5352;-63,77072;394,2545;1010,633;-119,6658;559,3298;1166,672;-203,6967;633,1952;1289,096;-324,178;680,7585;334,848;-61,96994;181,0758;806,8093;-135,1989;438,9868;1062,322;-184,2846;576,8012;1189,123;-226,8012;641,7346;1326,289;-297,367;707,2957;0;0;0;0;0;0;0,06938;-1,124382;-0,268221;0,128746;-2,092123;-0,493526;0,171661;-2,834558;-0,670195;0;0;0;0;0;0;-0,409126;1,195907;-0,070095;-0,629425;1,833915;-0,065804;-0,801086;2,340317;-0,034332;0;0;0;0;0;0;-0,50354;-0,443816;0,683784;-0,766754;-0,683784;1,049995;-0,97847;-0,878334;1,350403;0;0;0;0;0;0;1,796722;-0,052214;-0,234604;2,792358;-0,081539;-0,366211;3,650665;-0,108719;-0,466347;0;0;0;0;0;0;5,521774;9,115218;5,719184;10,41984;16,50524;10,29968;18,83697;27,25124;16,95728;11,0792;14,65321;15,07385;16,03564;15,89101;41,64399;3,094084;1,38621;2,274602;-2,690864;3,585285;3,804159;-8,409688;3,521311;5,204168;5,264289;-7,591273;3,551099;10,31258;10,16974;-9,938718;3,410591;4,591286;5,312679;0,285816;0,022202;0,003791;-0,008469;0,077462;-0,227108;0,003276;0;0,119019;0;-0,00226;0;-0,346012;0,016551;0;0;-0,331364;0,006881;0,002575;-0,002203;17,14897;1,332092;0,227451;-0,508118;4,647731;-13,62648;0,196552;0;14,78691;-0,199127;-0,135613;0;-20,76072;0,993061;0;0;-19,95392;171,5807;105,7966;94,57167
129;2064;00:00:02:144;0;0;0;-1,729294;-2,136037;4,237451;-3,518053;-2,932357;8,573325;-5,234721;-3,506582;12,23335;-6,610822;-3,912779;15,00696;-2,178162;-1,412269;3,463493;-8,729273;-1,459145;7,222313;-13,11027;-1,772045;9,778358;-15,39426;-1,803029;11,2282;-17,16509;-1,713015;12,45353;-2,762671;-0,507243;2,455595;-9,596723;-0,081934;5,640325;-14,64076;0,67842;8,030222;-17,26615;1,310193;9,458807;-19,31549;2,006972;10,73543;-3,313166;0,260669;1,506199;-9,801338;1,115252;3,820748;-14,23922;1,742642;5,997904;-16,50773;2,475751;7,461162;-18,30063;3,451846;8,978071;-3,837415;1,033455;0,602142;-9,488626;2,305244;1,781786;-13,06862;2,894638;3,386488;-14,83887;3,32407;4,287254;-16,74712;3,973313;5,406259;-45,77565;44,07492;124,1564;15,55015;18,91363;-115,3571;18,64422;18,9136;-115,3571;20,17931;18,86565;-114,8965;20,17932;18,86565;-114,8965;-46,15562;44,07492;124,1564;-47,64455;41,7062;125,3247;-43,61359;42,25373;125,9905;-39,11042;42,88789;127,0236;-39,27732;42,74099;126,7781;-50,83036;48,11096;117,6754;-48,92441;49,78205;115,0734;-45,24642;48,3795;113,0139;-41,42731;47,34869;111,0313;-41,24938;47,49252;111,273;-57,19304;52,01788;109,4315;-49,45443;47,76678;114,3033;-40,65459;46,40799;112,2348;-33,71122;44,19215;107,6893;-33,49179;44,34171;108,0036;-68,87744;56,37514;95,14907;-51,56701;49,40362;111,7214;-48,30643;48,20946;109,9543;-46,05869;45,61595;105,7667;-45,85642;45,81991;106,0492;0;0;0;-107,4831;131,2067;-36,94262;-166,2611;115,4617;-73,81157;-194,9745;95,25568;-94,20713;-209,3693;78,15112;-105,761;-11,55806;84,77429;9,486459;381,4798;90,66131;237,079;632,5092;123,7857;388,0338;763,2;123,1293;463,2136;864,3715;107,1502;518,4653;112,0205;28,36666;69,94974;569,6932;5,920552;329,3889;921,7681;-60,17019;519,649;1105,774;-125,7483;613,1802;1249,973;-203,915;681,3721;225,401;-15,61257;126,9041;705,5897;-63,82344;394,4098;1010,761;-119,7632;559,5736;1166,842;-203,8186;633,4863;1289,306;-324,3213;681,0886;334,853;-61,98808;181,1383;806,8271;-135,2446;439,1406;1062,378;-184,5587;577,0164;1189,197;-227,1915;641,9728;1326,382;-297,8869;707,5485;0;0;0;4,496812;-1,16086;1,248479;9,063004;-6,008863;2,253055;12,92324;-10,21314;3,275156;15,83576;-13,43715;4,109144;3,590136;-1,145124;1,790374;7,102489;-3,464341;7,883548;10,09083;-4,962444;12,3496;11,77025;-5,7621;14,63985;13,16643;-6,398678;16,39366;2,42114;-1,125276;2,485871;5,278587;-3,419235;8,926391;8,789062;-4,697799;12,96329;10,4599;-10,9427;14,27937;11,42692;-20,02144;13,9246;1,337528;-1,105785;3,129244;3,270149;-3,163576;9,31692;7,644652;-5,841493;14,63127;10,21385;-7,319926;17,46654;12,59422;-8,595942;19,80686;0,296116;-1,087904;3,750085;1,070022;-2,737999;9,226798;3,318787;-16,44659;12,9118;4,411697;-23,4189;14,29653;5,607605;-31,19373;15,172;11,07933;14,65257;15,07438;16,0346;15,90185;41,64188;3,09402;1,38621;2,273311;-2,687297;3,585285;3,804159;-8,414426;3,521311;5,233491;5,29065;-7,597733;3,55132;10,31258;10,16974;-9,942615;3,458363;4,591243;5,312753;0,650883;-0,126801;-0,003791;0;-0,077462;0,214019;0;0;-0,284271;0;1,759386;1,581688;-0,38764;0,013232;0;0;-0,233803;2,866301;-0,002575;0,004435;21,90399;-8,940124;-0,454903;0,508118;-9,295463;26,46761;-0,196552;0;-24,19739;0;105,6988;94,90126;-2,497673;-0,199127;0;0;5,853652;171,5652;-0,30899;0,398254
130;2080;00:00:02:160;0;0;0;-1,72976;-2,135863;4,237348;-3,518972;-2,931847;8,573097;-5,236017;-3,505779;12,23299;-6,612405;-3,911753;15,00649;-2,178537;-1,412113;3,463321;-8,730024;-1,458739;7,221484;-13,11125;-1,772024;9,777091;-15,39538;-1,803214;11,22671;-17,16634;-1,71336;12,45187;-2,762927;-0,507109;2,455334;-9,59729;-0,081564;5,639364;-14,64163;0,679124;8,028523;-17,26718;1,31108;9,456714;-19,31667;2,008009;10,73302;-3,313312;0,260782;1,505858;-9,8017;1,115566;3,819726;-14,23987;1,743283;5,99621;-16,50855;2,476578;7,459105;-18,30162;3,452838;8,975705;-3,837455;1,033548;0,601723;-9,488758;2,305484;1,780758;-13,06895;2,895116;3,384934;-14,83931;3,324673;4,285432;-16,74768;3,974056;5,404141;-45,78079;44,07972;124,1518;15,55715;18,91273;-115,3568;18,65122;18,91271;-115,3568;20,18632;18,86472;-114,8962;20,18632;18,86471;-114,8962;-46,16077;44,07972;124,1518;-47,65192;41,70812;125,3239;-43,621;42,25573;125,9897;-39,11787;42,88998;127,0227;-39,28475;42,74307;126,7771;-50,83668;48,11531;117,6696;-48,93369;49,78801;115,0639;-45,25576;48,38525;113,0045;-41,43675;47,35422;111,0219;-41,25879;47,49808;111,2636;-57,20084;52,02158;109,4243;-49,46375;47,77296;114,2936;-40,66399;46,41395;112,2252;-33,72091;44,19754;107,6798;-33,50145;44,34715;107,9942;-68,88749;56,37755;95,13961;-51,57673;49,40924;111,7115;-48,31615;48,2149;109,9445;-46,0685;45,62087;105,7571;-45,86623;45,82488;106,0396;0;0;0;-107,4371;131,1663;-36,9443;-166,1823;115,3263;-73,81653;-194,8688;95,03772;-94,21249;-209,2435;77,86978;-105,766;-11,52268;84,73615;9,493141;381,5439;90,55411;237,1345;632,5723;123,6392;388,1124;763,2617;122,9615;463,3062;864,4314;106,9653;518,5705;112,0423;28,33156;69,96704;569,7363;5,818472;329,4605;921,8479;-60,33833;519,7829;1105,832;-126,0241;613,3041;1249,97;-204,3276;681,4603;225,4107;-15,64479;126,9308;705,6112;-63,91439;394,4912;1010,82;-119,9195;559,7154;1166,922;-204,0117;633,6628;1289,403;-324,5468;681,2964;334,8507;-62,01754;181,1742;806,8254;-135,3195;439,2278;1062,33;-184,8307;577,0454;1189,118;-227,5631;641,9758;1326,259;-298,369;707,5272;0;0;0;2,758741;-2,429008;-0,100493;4,729986;-8,128881;-0,297546;6,342888;-13,07774;-0,321865;7,550239;-16,88039;-0,300407;2,122968;-2,288818;0,40099;3,846645;-6,431937;3,333092;3,787994;-8,790492;4,712104;3,702163;-10,06579;5,553245;3,593444;-11,09147;6,311417;1,308918;-2,105713;1,037836;2,580642;-6,124779;4,297256;4,789352;-10,08832;8,028029;3,484726;-16,54529;7,435798;-0,171661;-24,75929;5,295753;0,579357;-1,932978;1,603603;1,290321;-5,457043;4,885196;3,570557;-9,379148;8,508681;4,806518;-11,58142;10,58864;5,84793;-13,52692;12,46548;-0,134468;-1,768112;2,157211;-0,102997;-4,493951;5,23281;-2,866745;-16,32428;1,739502;-4,714965;-22,30024;0,180244;-7,38716;-28,92637;-1,281738;11,07901;14,6528;15,07466;16,03481;15,90385;41,64103;3,09402;1,38621;2,277268;-2,692246;3,585285;3,804159;-8,417179;3,521311;5,233491;5,29065;-7,60091;3,55143;10,31259;10,16972;-9,945403;3,458419;4,591328;5,312679;0,119648;-0,051041;0;0;0,237422;-0,296931;0;0;-0,165196;0;0;0;-0,190573;0,006623;0,001144;-0,001144;-0,167313;0,00339;0,005121;-0,004435;-31,87408;4,545593;0,227451;0;18,89305;-30,657;0;0;7,144547;0;-105,5631;-94,90126;11,82403;-0,396538;0,068665;-0,068665;3,98941;-171,7746;0,461769;-0,53215
131;2096;00:00:02:176;0;0;0;-1,730076;-2,135887;4,237207;-3,519403;-2,931929;8,572899;-5,236541;-3,505905;12,23274;-6,613;-3,911911;15,0062;-2,178784;-1,412107;3,463168;-8,730492;-1,458588;7,220951;-13,11182;-1,77171;9,776406;-15,39599;-1,802815;11,22595;-17,16699;-1,712897;12,45105;-2,763085;-0,507064;2,455165;-9,597618;-0,081355;5,638807;-14,64199;0,67929;8,027904;-17,26826;1,310022;9,455334;-19,31903;2,005132;10,73056;-3,31339;0,260863;1,505672;-9,801884;1,115817;3,819181;-14,24015;1,743613;5,995451;-16,50963;2,475906;7,457601;-18,3044;3,45059;8,97321;-3,837455;1,033664;0,60152;-9,488785;2,305764;1,780253;-13,0702;2,892907;3,382623;-14,84129;3,321208;4,282258;-16,75066;3,969206;5,400078;-45,78548;44,08067;124,1466;15,5577;18,9145;-115,3581;18,65177;18,9145;-115,3581;20,18689;18,86648;-114,8975;20,18689;18,86648;-114,8975;-46,16545;44,08067;124,1466;-47,65458;41,70868;125,3196;-43,62367;42,25631;125,9853;-39,12054;42,89059;127,0183;-39,28742;42,74367;126,7728;-50,84184;48,11587;117,6639;-48,93652;49,78654;115,0613;-45,28772;48,38371;113,002;-41,49437;47,35195;111,0204;-41,31658;47,49596;111,2618;-57,20652;52,02165;109,4179;-49,46852;47,77301;114,2884;-40,69795;46,41388;112,2202;-33,77982;44,19562;107,6767;-33,56052;44,34547;107,9908;-68,89362;56,37676;95,1326;-51,62818;49,40891;111,7066;-48,36634;48,21352;109,9412;-46,11605;45,61708;105,7573;-45,91401;45,82123;106,0395;0;0;0;-107,4092;131,1559;-36,93813;-166,1349;115,2925;-73,80947;-194,8057;94,98359;-94,20302;-209,1685;77,80002;-105,754;-11,50019;84,72675;9,503469;381,589;90,52973;237,1843;632,6276;123,6303;388,1885;763,3237;122,9608;463,3956;864,4994;106,9711;518,6699;112,0576;28,32352;69,98267;569,7703;5,796256;329,5182;921,8831;-60,38063;519,8873;1105,873;-125,9848;613,4472;1250,024;-204,1553;681,6577;225,4194;-15,65158;126,9512;705,6328;-63,93324;394,5525;1010,856;-119,9579;559,8173;1166,975;-203,978;633,8063;1289,487;-324,3882;681,5165;334,8531;-62,02314;181,1994;806,8334;-135,3339;439,2894;1062,352;-184,665;577,15;1189,15;-227,306;642,1099;1326,304;-298,0101;707,7045;0;0;0;1,677275;-0,624418;0,370145;2,846002;-2,02775;0,423789;3,787279;-3,247976;0,568628;4,500389;-4,185676;0,723839;1,349151;-0,563264;0,61959;2,703666;-1,46234;2,985477;3,318787;-0,533581;4,567623;3,716468;-0,0422;5,37014;4,079818;0,343323;5,965232;0,921249;-0,482798;0,938058;2,045631;-1,332968;3,458977;2,111435;-2,538085;6,262779;2,466202;2,358913;8,583068;3,2444;10,33687;11,84177;0,523567;-0,407606;1,227379;1,298904;-1,130462;3,673553;2,180099;-2,302408;6,111145;3,204346;2,022743;8,608817;5,029678;9,515761;13,20648;0,144482;-0,335813;1,509905;0,480652;-0,865459;3,699302;1,361847;9,946345;6,274223;1,911163;15,42806;8,042335;2,672195;21,53349;10,643;11,07931;14,65386;15,07621;16,03627;15,90504;41,64312;3,09402;1,386351;2,27787;-2,690791;3,58523;3,804159;-8,414286;3,521311;5,204168;5,264289;-7,600445;3,551375;10,28329;10,14344;-9,944513;3,410821;4,591286;5,312642;0,071754;0,125656;0;0,008469;0,036092;0,087276;-0,003276;0;0,173607;0;-1,759386;-1,581688;0,027866;-0,003304;-1,75827;-1,576881;0,053387;-2,855901;-0,002546;-0,002203;-2,873611;10,60181;0;0,508118;-12,07981;23,0524;-0,196552;0;20,32814;0;-105,5631;-94,90126;13,10634;-0,595665;-105,5649;-94,5442;13,24196;-171,5575;-0,460052;0,133896
132;2112;00:00:02:192;0;0;0;-1,730076;-2,135887;4,237207;-3,519403;-2,931929;8,572899;-5,236541;-3,505905;12,23274;-6,613;-3,911911;15,0062;-2,178784;-1,412107;3,463168;-8,730492;-1,458588;7,220951;-13,11182;-1,77171;9,776406;-15,39643;-1,803923;11,22524;-17,16819;-1,715691;12,44936;-2,763085;-0,507064;2,455165;-9,597618;-0,081355;5,638807;-14,64185;0,67898;8,028308;-17,26803;1,309545;9,455956;-19,31874;2,004519;10,73136;-3,31339;0,260863;1,505672;-9,801884;1,115817;3,819181;-14,24015;1,743613;5,995451;-16,50963;2,475906;7,457601;-18,3044;3,45059;8,97321;-3,837455;1,033664;0,60152;-9,488785;2,305764;1,780253;-13,0702;2,892907;3,382623;-14,84129;3,321208;4,282258;-16,75066;3,969206;5,400078;-45,78548;44,08067;124,1466;15,5577;18,9145;-115,3581;18,65177;18,9145;-115,3581;20,18689;18,86648;-114,8975;20,18689;18,86648;-114,8975;-46,16545;44,08067;124,1466;-47,65458;41,70868;125,3196;-43,65297;42,2563;125,9853;-39,17651;42,89099;127,0178;-39,34325;42,74388;126,7725;-50,84184;48,11587;117,6639;-48,93171;49,78299;115,0676;-45,28286;48,38028;113,0083;-41,48943;47,34864;111,0266;-41,31165;47,49265;111,2681;-57,20652;52,02165;109,4179;-49,46852;47,77301;114,2884;-40,69795;46,41388;112,2202;-33,77982;44,19562;107,6767;-33,56052;44,34547;107,9908;-68,89362;56,37676;95,1326;-51,62818;49,40891;111,7066;-48,36634;48,21352;109,9412;-46,11605;45,61708;105,7573;-45,91401;45,82123;106,0395;0;0;0;-107,3902;131,1573;-36,92968;-166,109;115,2974;-73,79758;-194,7743;94,99117;-94,18805;-209,1328;77,80949;-105,7366;-11,48537;84,72643;9,512632;381,617;90,52071;237,2163;632,6615;123,6114;388,2296;763,361;123,0199;463,4427;864,5383;107,1515;518,7307;112,0672;28,32085;69,99286;569,79;5,783681;329,5516;921,8737;-60,39071;519,929;1105,889;-125,9215;613,5371;1250,104;-203,983;681,8143;225,4241;-15,65643;126,9624;705,6439;-63,94831;394,5852;1010,873;-119,9777;559,8628;1167,04;-203,9377;633,8965;1289,654;-324,2532;681,6662;334,8531;-62,03008;181,2115;806,8351;-135,3507;439,3198;1062,427;-184,5324;577,2886;1189,269;-227,0981;642,3003;1326,483;-297,7191;707,9483;0;0;0;1,137257;0,087261;0,506937;1,552105;0,296116;0,713468;1,886129;0,454545;0,898361;2,140045;0,568628;1,040697;0,889152;-0,020027;0,549853;1,682281;-0,541449;1,921177;2,031326;-1,132965;2,467632;2,243042;3,544092;2,823829;2,334594;10,82897;3,644943;0,572205;-0,159681;0,611186;1,178741;-0,754505;2,004146;-0,566483;-0,604391;2,506256;0,955582;3,795146;5,395889;4,760742;10,34117;9,398459;0,281811;-0,29102;0,67234;0,663757;-0,904798;1,964092;0,995636;-1,190901;2,732277;3,885269;2,418995;5,415916;10,00214;8,093833;8,98075;0;-0,416637;0,72813;0,097275;-1,00851;1,822471;4,486084;7,952212;8,316993;7,152556;12,47263;11,42406;10,71739;17,46225;14,62555;11,08029;14,65313;15,07621;16,03627;15,90504;41,64312;3,09402;1,386351;2,27787;-2,690791;3,555948;3,777817;-8,408916;3,521255;5,204168;5,264289;-7,600445;3,551375;10,28329;10,14344;-9,944513;3,410821;4,591286;5,312642;0;0;0;0;0;0;-1,756954;-1,580558;0,322151;-0,003319;0;0;0;0;0;0;0;0;0;0;-4,305267;-7,539367;0;-0,508118;-2,165508;-5,236529;-105,2207;-94,83346;8,912658;-0,199127;105,5631;94,90126;-1,671982;0,198269;105,4962;94,61287;-3,203201;171,3541;0,152779;0,132179
133;2128;00:00:02:208;0;0;0;-1,730076;-2,135887;4,237207;-3,519403;-2,931929;8,572899;-5,236541;-3,505905;12,23274;-6,613;-3,911911;15,0062;-2,178784;-1,412107;3,463168;-8,730492;-1,458588;7,220951;-13,11182;-1,77171;9,776406;-15,39643;-1,803923;11,22524;-17,16819;-1,715691;12,44936;-2,763085;-0,507064;2,455165;-9,597618;-0,081355;5,638807;-14,6418;0,678879;8,02844;-17,26796;1,309389;9,456159;-19,31865;2,004319;10,73162;-3,31339;0,260863;1,505672;-9,801884;1,115817;3,819181;-14,24006;1,743418;5,995687;-16,50949;2,475602;7,457967;-18,30422;3,450193;8,973689;-3,837455;1,033664;0,60152;-9,488785;2,305764;1,780253;-13,0702;2,892907;3,382623;-14,84129;3,321208;4,282258;-16,75066;3,969206;5,400078;-45,78548;44,08067;124,1466;15,5577;18,9145;-115,3581;18,65177;18,9145;-115,3581;20,18689;18,86648;-114,8975;20,18689;18,86648;-114,8975;-46,16545;44,08067;124,1466;-47,65458;41,70868;125,3196;-43,65297;42,2563;125,9853;-39,17651;42,89099;127,0178;-39,34325;42,74388;126,7725;-50,84184;48,11587;117,6639;-48,93014;49,78183;115,0696;-45,28128;48,37915;113,0103;-41,48782;47,34756;111,0287;-41,31004;47,49154;111,2701;-57,20652;52,02165;109,4179;-49,46545;47,77062;114,2926;-40,69483;46,41157;112,2243;-33,77658;44,1935;107,6808;-33,55729;44,34332;107,995;-68,89362;56,37676;95,1326;-51,62818;49,40891;111,7066;-48,36634;48,21352;109,9412;-46,11605;45,61708;105,7573;-45,91401;45,82123;106,0395;0;0;0;-107,3902;131,1573;-36,92968;-166,109;115,2974;-73,79758;-194,7743;94,99117;-94,18805;-209,1328;77,80949;-105,7366;-11,48537;84,72643;9,512632;381,617;90,52071;237,2163;632,6615;123,6114;388,2296;763,387;123,0863;463,485;864,6102;107,3191;518,832;112,0672;28,32085;69,99286;569,79;5,783681;329,5516;921,8545;-60,37215;519,9063;1105,86;-125,893;613,502;1250,066;-203,9463;681,7694;225,4241;-15,65643;126,9624;705,6439;-63,94831;394,5852;1010,854;-119,9771;559,8654;1167,01;-203,9368;633,9005;1289,615;-324,2522;681,6713;334,8531;-62,03008;181,2115;806,8351;-135,3507;439,3198;1062,427;-184,5324;577,2886;1189,269;-227,0981;642,3003;1326,483;-297,7191;707,9483;0;0;0;0;0;0;0;0;0;0;0;0;0;0;0;0;0;0;0;0;0;0;0;0;1,556396;3,988981;2,540588;4,314422;10,05578;6,079673;0;0;0;0;0;0;-1,150131;1,112938;-1,361847;-1,750946;1,713753;-2,105713;-2,248764;2,202987;-2,695083;0;0;0;0;0;0;-1,138687;0,032902;0,157356;-1,768112;0,051498;0,234604;-2,305984;0,065804;0,306129;0;0;0;0;0;0;0;0;0;0;0;0;0;0;0;11,08029;14,65289;15,07569;16,03627;15,90504;41,64312;3,09402;1,386351;2,27787;-2,690791;3,555948;3,777817;-8,407165;3,521255;5,204206;5,264289;-7,596752;3,551265;10,28329;10,14344;-9,944513;3,410821;4,591286;5,312642;0;0;0;0;0;0;0;0;0,105114;0;0,00226;0;0,221615;-0,006623;0;0;0;0;0;0;0;0;0;0;0;0;105,4172;94,83346;-13,02223;0,199127;0,135613;0;13,29689;-0,397396;0;0;0;0;0;0
134;2144;00:00:02:224;0;0;0;-1,730076;-2,135887;4,237207;-3,519403;-2,931929;8,572899;-5,236541;-3,505905;12,23274;-6,613;-3,911911;15,0062;-2,178784;-1,412107;3,463168;-8,730492;-1,458588;7,220951;-13,11182;-1,77171;9,776406;-15,39643;-1,803923;11,22524;-17,16819;-1,715691;12,44936;-2,763085;-0,507064;2,455165;-9,597618;-0,081355;5,638807;-14,64165;0,678553;8,028866;-17,26772;1,308887;9,456813;-19,31835;2,003675;10,73246;-3,31339;0,260863;1,505672;-9,801884;1,115817;3,819181;-14,24004;1,743376;5,995738;-16,50946;2,475537;7,458046;-18,30418;3,450108;8,973791;-3,837455;1,033664;0,60152;-9,488785;2,305764;1,780253;-13,06904;2,895448;3,384278;-14,83942;3,325027;4,284705;-16,74784;3,974432;5,40334;-45,78548;44,08067;124,1466;15,5577;18,9145;-115,3581;18,65177;18,9145;-115,3581;20,18689;18,86648;-114,8975;20,18689;18,86648;-114,8975;-46,16545;44,08067;124,1466;-47,65458;41,70868;125,3196;-43,65297;42,2563;125,9853;-39,17651;42,89099;127,0178;-39,34325;42,74388;126,7725;-50,84184;48,11587;117,6639;-48,92509;49,77812;115,0762;-45,27617;48,37556;113,0169;-41,48263;47,34408;111,0352;-41,30486;47,48804;111,2767;-57,20652;52,02165;109,4179;-49,46479;47,77011;114,2935;-40,69416;46,41107;112,2252;-33,77588;44,19302;107,6817;-33,55659;44,34286;107,9959;-68,89362;56,37676;95,1326;-51,58131;49,40892;111,7066;-48,32061;48,21446;109,9397;-46,07268;45,62025;105,7527;-45,87045;45,82425;106,0351;0;0;0;-107,3902;131,1573;-36,92968;-166,109;115,2974;-73,79758;-194,7743;94,99117;-94,18805;-209,1328;77,80949;-105,7366;-11,48537;84,72643;9,512632;381,617;90,52071;237,2163;632,6615;123,6114;388,2296;763,387;123,0863;463,485;864,6102;107,3191;518,832;112,0672;28,32085;69,99286;569,79;5,783681;329,5516;921,8187;-60,36624;519,9033;1105,804;-125,8838;613,4974;1249,995;-203,9346;681,7634;225,4241;-15,65643;126,9624;705,6439;-63,94831;394,5852;1010,845;-119,9653;559,8518;1166,996;-203,9184;633,8794;1289,596;-324,2281;681,6436;334,8531;-62,03008;181,2115;806,8351;-135,3507;439,3198;1062,421;-184,7268;577,278;1189,258;-227,3913;642,2766;1326,464;-298,1224;707,8993;0;0;0;0;0;0;0;0;0;0;0;0;0;0;0;0;0;0;0;0;0;0;0;0;0;0;0;0;0;0;0;0;0;0;0;0;-2,145767;0,355124;-0,183106;-3,318787;0,547171;-0,277519;-4,262924;0,702381;-0,36335;0;0;0;0;0;0;-0,555038;0,709534;-0,815392;-0,875473;1,104355;-1,264572;-1,150131;1,443386;-1,665115;0;0;0;0;0;0;-0,389099;-11,66367;-0,632286;-0,669479;-17,591;-1,424789;-1,087189;-24,19996;-2,941131;11,08029;14,65213;15,07557;16,0351;15,90504;41,64312;3,09402;1,386351;2,27787;-2,690791;3,555948;3,777817;-8,40151;3,521255;5,204168;5,264289;-7,595976;3,551265;10,28329;10,14342;-9,944532;3,458363;4,591286;5,312716;0;0;0;0;0;0;0;0;0,33926;0;-0,00226;0;0,04652;0;0;-0,001087;-0,001144;2,852511;0;0,004406;0;0;0;0;0;0;0;0;14,04877;0;-0,271225;0;-10,50568;0,397396;0;-0,065231;-0,068665;171,1507;0;0,264359
135;2160;00:00:02:240;0;0;0;-1,730076;-2,135887;4,237207;-3,519403;-2,931929;8,572899;-5,236541;-3,505905;12,23274;-6,613;-3,911911;15,0062;-2,178784;-1,412107;3,463168;-8,730492;-1,458588;7,220951;-13,11182;-1,77171;9,776406;-15,39643;-1,803923;11,22524;-17,16819;-1,715691;12,44936;-2,763085;-0,507064;2,455165;-9,597618;-0,081355;5,638807;-14,64165;0,678553;8,028866;-17,26772;1,308887;9,456813;-19,31835;2,003675;10,73246;-3,31339;0,260863;1,505672;-9,801884;1,115817;3,819181;-14,24004;1,743376;5,995738;-16,50946;2,475537;7,458046;-18,30418;3,450108;8,973791;-3,837455;1,033664;0,60152;-9,488785;2,305764;1,780253;-13,06904;2,895448;3,384278;-14,83942;3,325027;4,284705;-16,74784;3,974432;5,40334;-45,78548;44,08067;124,1466;15,5577;18,9145;-115,3581;18,65177;18,9145;-115,3581;20,18689;18,86648;-114,8975;20,18689;18,86648;-114,8975;-46,16545;44,08067;124,1466;-47,65458;41,70868;125,3196;-43,65297;42,2563;125,9853;-39,17651;42,89099;127,0178;-39,34325;42,74388;126,7725;-50,84184;48,11587;117,6639;-48,92509;49,77812;115,0762;-45,27617;48,37556;113,0169;-41,48263;47,34408;111,0352;-41,30486;47,48804;111,2767;-57,20652;52,02165;109,4179;-49,46479;47,77011;114,2935;-40,69416;46,41107;112,2252;-33,77588;44,19302;107,6817;-33,55659;44,34286;107,9959;-68,89362;56,37676;95,1326;-51,58131;49,40892;111,7066;-48,32061;48,21446;109,9397;-46,07268;45,62025;105,7527;-45,87045;45,82425;106,0351;0;0;0;-107,3902;131,1573;-36,92968;-166,109;115,2974;-73,79758;-194,7743;94,99117;-94,18805;-209,1328;77,80949;-105,7366;-11,48537;84,72643;9,512632;381,617;90,52071;237,2163;632,6615;123,6114;388,2296;763,387;123,0863;463,485;864,6102;107,3191;518,832;112,0672;28,32085;69,99286;569,79;5,783681;329,5516;921,8097;-60,34669;519,8777;1105,79;-125,8537;613,4581;1249,977;-203,8959;681,7129;225,4241;-15,65643;126,9624;705,6439;-63,94831;394,5852;1010,844;-119,9628;559,8488;1166,994;-203,9145;633,8746;1289,594;-324,223;681,6374;334,8531;-62,03008;181,2115;806,8351;-135,3507;439,3198;1062,351;-184,8793;577,1788;1189,146;-227,6205;642,1297;1326,295;-298,436;707,7036;0;0;0;0;0;0;0;0;0;0;0;0;0;0;0;0;0;0;0;0;0;0;0;0;0;0;0;0;0;0;0;0;0;0;0;0;-0,543594;1,172662;-1,530647;-0,846863;1,806736;-2,354622;-1,087189;2,320289;-3,026962;0;0;0;0;0;0;-0,074387;0,150919;-0,185967;-0,102997;0,233173;-0,286102;-0,148773;0,30899;-0,369072;0;0;0;0;0;0;-4,171371;-9,14812;-5,956649;-6,729126;-13,75008;-8,809089;-10,17952;-18,81552;-11,74164;11,08029;14,65213;15,07557;16,0351;15,90504;41,64312;3,09402;1,386351;2,27787;-2,690791;3,555948;3,777817;-8,40151;3,521255;5,204168;5,264289;-7,595976;3,551265;10,28329;10,14342;-9,944532;3,458363;4,591286;5,312716;0;0;0;0;0;0;0;0;0;0;0;0;0;0;0;0;0;0;0;0;0;0;0;0;0;0;0;0;-20,3556;0;0,135613;0;-2,791214;0;0;0,065231;0,068665;-171,1507;0;-0,264359
136;2176;00:00:02:256;0;0;0;-1,730076;-2,135887;4,237207;-3,519087;-2,932439;8,572934;-5,235965;-3,506858;12,23283;-6,612227;-3,913203;15,00634;-2,178784;-1,412107;3,463168;-8,730492;-1,458588;7,220951;-13,1119;-1,771479;9,776294;-15,39612;-1,802461;11,22577;-17,16714;-1,712446;12,45082;-2,763085;-0,507064;2,455165;-9,597618;-0,081355;5,638807;-14,64145;0,678139;8,029407;-17,26743;1,30825;9,457645;-19,31796;2,002855;10,73353;-3,31339;0,260863;1,505672;-9,801884;1,115817;3,819181;-14,2402;1,743725;5,995316;-16,50971;2,476079;7,457392;-18,3045;3,450816;8,972936;-3,837455;1,033664;0,60152;-9,488785;2,305764;1,780253;-13,06904;2,895448;3,384278;-14,83942;3,325027;4,284705;-16,74784;3,974432;5,40334;-45,78548;44,08067;124,1466;15,55186;18,91784;-115,3567;18,64593;18,91784;-115,3567;20,18107;18,86988;-114,8961;20,18107;18,86987;-114,8961;-46,16545;44,08067;124,1466;-47,65516;41,71081;125,3171;-43,62423;42,25843;125,9828;-39,12105;42,89274;127,0158;-39,28793;42,74579;126,7703;-50,84184;48,11587;117,6639;-48,91867;49,77338;115,0846;-45,26968;48,37098;113,0252;-41,47603;47,33965;111,0436;-41,29829;47,48361;111,285;-57,20652;52,02165;109,4179;-49,47027;47,77437;114,2861;-40,69972;46,4152;112,2179;-33,78167;44,19684;107,6743;-33,56237;44,34669;107,9885;-68,89362;56,37676;95,1326;-51,58131;49,40892;111,7066;-48,32061;48,21446;109,9397;-46,07268;45,62025;105,7527;-45,87045;45,82425;106,0351;0;0;0;-107,3902;131,1573;-36,92968;-166,1364;115,3153;-73,81287;-194,8259;95,02411;-94,21523;-209,2033;77,85388;-105,7726;-11,48537;84,72643;9,512632;381,617;90,52071;237,2163;632,6764;123,6052;388,2305;763,4094;122,9939;463,4849;864,6398;107,0989;518,8216;112,0672;28,32085;69,99286;569,79;5,783681;329,5516;921,7676;-60,34687;519,884;1105,725;-125,854;613,4677;1249,894;-203,8963;681,7251;225,4241;-15,65643;126,9624;705,6439;-63,94831;394,5852;1010,877;-119,9638;559,8442;1167,047;-203,916;633,8677;1289,663;-324,225;681,6285;334,8531;-62,03008;181,2115;806,8351;-135,3507;439,3198;1062,351;-184,8793;577,1788;1189,146;-227,6205;642,1297;1326,295;-298,436;707,7036;0;0;0;0;0;0;-1,641512;1,072168;-0,917315;-3,098488;1,976609;-1,630783;-4,227161;2,663254;-2,156496;0;0;0;0;0;0;0,8955;-0,368357;0,054359;1,344681;-5,545377;-0,008583;1,773834;-13,21507;-0,623703;0;0;0;0;0;0;-2,523422;-0,010729;0,374794;-3,885269;-0,016451;0,572205;-4,989624;-0,021458;0,732422;0;0;0;0;0;0;2,031326;-0,059366;-0,274658;3,152847;-0,092983;-0,417709;4,131317;-0,123024;-0,53215;0;0;0;0;0;0;0;0;0;0;0;0;0;0;0;11,08063;14,65238;15,0778;16,0363;15,90183;41,64951;3,09402;1,386351;2,275033;-2,6897;3,585285;3,804159;-8,394332;3,521199;5,204168;5,264326;-7,602536;3,55154;10,28329;10,14344;-9,944532;3,458363;4,591286;5,312716;-0,192947;0,383148;0;0;-0,170231;0,065489;1,76023;1,580558;0,430698;-0,003347;0;0,002232;-0,393562;0,016537;0;0,001087;0;0;0;0;-11,57684;22,98889;0;0;-10,21385;3,929329;105,6138;94,83346;25,8419;-0,200844;0;0,133896;-23,61374;0,992203;0;0,065231;0;0;0;0
137;2192;00:00:02:272;0;0;0;-1,730076;-2,135887;4,237207;-3,519087;-2,932439;8,572934;-5,235965;-3,506858;12,23283;-6,612227;-3,913203;15,00634;-2,178784;-1,412107;3,463168;-8,730492;-1,458588;7,220951;-13,11196;-1,77184;9,776152;-15,39622;-1,803015;11,22556;-17,16729;-1,713152;12,45056;-2,763085;-0,507064;2,455165;-9,597618;-0,081355;5,638807;-14,64155;0,67835;8,02913;-17,26758;1,308574;9,457222;-19,31816;2,003273;10,73299;-3,31339;0,260863;1,505672;-9,801884;1,115817;3,819181;-14,2402;1,743725;5,995316;-16,50896;2,477115;7,458035;-18,30211;3,453447;8,9745;-3,837455;1,033664;0,60152;-9,488785;2,305764;1,780253;-13,06904;2,895448;3,384278;-14,83942;3,325027;4,284705;-16,74784;3,974432;5,40334;-45,78548;44,08067;124,1466;15,55186;18,91784;-115,3567;18,64593;18,91784;-115,3567;20,18107;18,86988;-114,8961;20,18107;18,86987;-114,8961;-46,16545;44,08067;124,1466;-47,65876;41,70997;125,3181;-43,62786;42,25763;125,9838;-39,12475;42,89197;127,0167;-39,29163;42,74501;126,7712;-50,84184;48,11587;117,6639;-48,92194;49,77579;115,0804;-45,27298;48,37331;113,021;-41,4794;47,34191;111,0394;-41,30163;47,48587;111,2808;-57,20652;52,02165;109,4179;-49,47027;47,77437;114,2861;-40,67043;46,41519;112,2178;-33,72719;44,19844;107,6727;-33,50776;44,34808;107,987;-68,89362;56,37676;95,1326;-51,58131;49,40892;111,7066;-48,32061;48,21446;109,9397;-46,07268;45,62025;105,7527;-45,87045;45,82425;106,0351;0;0;0;-107,3902;131,1573;-36,92968;-166,1553;115,3459;-73,81501;-194,8605;95,08129;-94,22059;-209,2496;77,93142;-105,7807;-11,48537;84,72643;9,512632;381,617;90,52071;237,2163;632,6759;123,6142;388,236;763,3824;122,9412;463,452;864,5662;106,9489;518,7333;112,0672;28,32085;69,99286;569,79;5,783681;329,5516;921,7773;-60,32194;519,8483;1105,74;-125,8156;613,4129;1249,913;-203,8469;681,6546;225,4241;-15,65643;126,9624;705,6439;-63,94831;394,5852;1010,887;-119,9847;559,8695;1167,053;-204,0317;633,8871;1289,653;-324,4855;681,6024;334,8531;-62,03008;181,2115;806,8351;-135,3507;439,3198;1062,351;-184,8793;577,1788;1189,146;-227,6205;642,1297;1326,295;-298,436;707,7036;0;0;0;0;0;0;-1,137257;1,836061;-0,128746;-2,072811;3,430724;-0,321865;-2,780914;4,65238;-0,487804;0;0;0;0;0;0;-0,02861;0,540018;0,330448;-1,619339;-3,16143;-1,976967;-4,411697;-9,002208;-5,292892;0;0;0;0;0;0;0,583649;1,495957;-2,140045;0,904083;2,303838;-3,287315;1,167297;2,962589;-4,231452;0;0;0;0;0;0;0,566483;-1,255989;1,519203;0,400543;-6,940842;1,170158;-0,595093;-15,62977;-1,570702;0;0;0;0;0;0;0;0;0;0;0;0;0;0;0;11,08068;14,65288;15,0766;16,0363;15,90183;41,64951;3,09402;1,386351;2,276151;-2,69399;3,58523;3,804159;-8,397981;3,521199;5,204168;5,264326;-7,602536;3,55154;10,31258;10,16974;-9,944532;3,458363;4,591286;5,312716;0;0;0;0;0,067077;-0,257421;-0,003276;0;-0,218926;0;0;0;0;0;1,757126;1,578026;0;0;0;0;11,57684;-22,98889;0;0;14,23845;-19,37456;-105,8103;-94,83346;-38,97743;0,200844;0;-0,133896;23,61374;-0,992203;105,4275;94,6163;0;0;0;0
138;2208;00:00:02:288;0;0;0;-1,730076;-2,135887;4,237207;-3,519087;-2,932439;8,572934;-5,235965;-3,506858;12,23283;-6,612227;-3,913203;15,00634;-2,178784;-1,412107;3,463168;-8,730492;-1,458588;7,220951;-13,11202;-1,771954;9,776032;-15,39631;-1,80319;11,22538;-17,16742;-1,713376;12,45033;-2,763085;-0,507064;2,455165;-9,597618;-0,081355;5,638807;-14,64141;0,678037;8,029538;-17,26735;1,308092;9,457851;-19,31787;2,002653;10,7338;-3,31339;0,260863;1,505672;-9,801884;1,115817;3,819181;-14,2402;1,743725;5,995316;-16,50896;2,477115;7,458035;-18,30211;3,453447;8,9745;-3,837455;1,033664;0,60152;-9,488785;2,305764;1,780253;-13,06904;2,895448;3,384278;-14,83942;3,325027;4,284705;-16,74784;3,974432;5,40334;-45,78548;44,08067;124,1466;15,55186;18,91784;-115,3567;18,64593;18,91784;-115,3567;20,18107;18,86988;-114,8961;20,18107;18,86987;-114,8961;-46,16545;44,08067;124,1466;-47,66095;41,71027;125,3177;-43,63006;42,25795;125,9834;-39,12696;42,89232;127,0163;-39,29384;42,74536;126,7707;-50,84184;48,11587;117,6639;-48,91709;49,77221;115,0867;-45,26807;48,36986;113,0273;-41,47442;47,33856;111,0456;-41,29665;47,48251;111,2871;-57,20652;52,02165;109,4179;-49,47027;47,77437;114,2861;-40,67043;46,41519;112,2178;-33,72719;44,19844;107,6727;-33,50776;44,34808;107,987;-68,89362;56,37676;95,1326;-51,58131;49,40892;111,7066;-48,32061;48,21446;109,9397;-46,07268;45,62025;105,7527;-45,87045;45,82425;106,0351;0;0;0;-107,3902;131,1573;-36,92968;-166,1553;115,3459;-73,81501;-194,8605;95,08129;-94,22059;-209,2496;77,93142;-105,7807;-11,48537;84,72643;9,512632;381,617;90,52071;237,2163;632,6818;123,6462;388,2441;763,3921;122,9902;463,4643;864,5793;107,0114;518,7493;112,0672;28,32085;69,99286;569,79;5,783681;329,5516;921,7515;-60,33472;519,8697;1105,701;-125,8353;613,4456;1249,862;-203,8722;681,6967;225,4241;-15,65643;126,9624;705,6439;-63,94831;394,5852;1010,887;-119,9847;559,8695;1167,008;-204,0939;633,8486;1289,509;-324,6433;681,5085;334,8531;-62,03008;181,2115;806,8351;-135,3507;439,3198;1062,351;-184,8793;577,1788;1189,146;-227,6205;642,1297;1326,295;-298,436;707,7036;0;0;0;0;0;0;0;0;0;0;0;0;0;0;0;0;0;0;0;0;0;0,351906;1,915455;0,484943;0,580788;2,937555;0,741005;0,78392;3,750085;0,955582;0;0;0;0;0;0;-1,550674;-0,767112;1,278877;-2,380371;-1,180887;1,9598;-3,084183;-1,519203;2,523422;0;0;0;0;0;0;0;0;0;-2,706527;-3,729343;-2,314567;-8,628844;-9,468554;-5,630493;0;0;0;0;0;0;0;0;0;0;0;0;0;0;0;11,08082;14,65214;15,0766;16,0363;15,90183;41,64951;3,09402;1,386351;2,275721;-2,695879;3,585285;3,804211;-8,392554;3,521199;5,204244;5,264289;-7,602536;3,55154;10,31258;10,16974;-9,944532;3,458363;4,591286;5,312716;0;0;0;0;-0,025792;-0,113311;0,003276;0,003104;0,325584;0;0,00452;-0,002232;0;0;0;0;0;0;0;0;0;0;0;0;-5,572128;8,646584;0,393105;0,186253;32,67059;0;0,271225;-0,133896;0;0;-105,4275;-94,68153;0;0;0;0
139;2224;00:00:02:304;0;0;0;-1,730076;-2,135887;4,237207;-3,519087;-2,932439;8,572934;-5,235965;-3,506858;12,23283;-6,612227;-3,913203;15,00634;-2,178784;-1,412107;3,463168;-8,730492;-1,458588;7,220951;-13,11205;-1,7716;9,776031;-15,39635;-1,802647;11,22538;-17,16745;-1,712682;12,45032;-2,763085;-0,507064;2,455165;-9,597618;-0,081355;5,638807;-14,64141;0,678037;8,029538;-17,26735;1,308092;9,457851;-19,31787;2,002653;10,7338;-3,31339;0,260863;1,505672;-9,801884;1,115817;3,819181;-14,2402;1,743725;5,995316;-16,50896;2,477115;7,458035;-18,30211;3,453447;8,9745;-3,837455;1,033664;0,60152;-9,488785;2,305764;1,780253;-13,06904;2,895448;3,384278;-14,83942;3,325027;4,284705;-16,74784;3,974432;5,40334;-45,78548;44,08067;124,1466;15,55186;18,91784;-115,3567;18,64593;18,91784;-115,3567;20,18107;18,86988;-114,8961;20,18107;18,86987;-114,8961;-46,16545;44,08067;124,1466;-47,65939;41,7122;125,3155;-43,62848;42,25986;125,9811;-39,1253;42,89421;127,0141;-39,2922;42,74726;126,7685;-50,84184;48,11587;117,6639;-48,91709;49,77221;115,0867;-45,26807;48,36986;113,0273;-41,47442;47,33856;111,0456;-41,29665;47,48251;111,2871;-57,20652;52,02165;109,4179;-49,47027;47,77437;114,2861;-40,67043;46,41519;112,2178;-33,72719;44,19844;107,6727;-33,50776;44,34808;107,987;-68,89362;56,37676;95,1326;-51,58131;49,40892;111,7066;-48,32061;48,21446;109,9397;-46,07268;45,62025;105,7527;-45,87045;45,82425;106,0351;0;0;0;-107,3902;131,1573;-36,92968;-166,1553;115,3459;-73,81501;-194,8605;95,08129;-94,22059;-209,2496;77,93142;-105,7807;-11,48537;84,72643;9,512632;381,617;90,52071;237,2163;632,6987;123,6364;388,2525;763,4183;122,9753;463,4765;864,6135;106,9923;518,7639;112,0672;28,32085;69,99286;569,79;5,783681;329,5516;921,7428;-60,31595;519,8452;1105,687;-125,8064;613,4078;1249,845;-203,835;681,6481;225,4241;-15,65643;126,9624;705,6439;-63,94831;394,5852;1010,887;-119,9847;559,8695;1167,008;-204,0939;633,8486;1289,509;-324,6433;681,5085;334,8531;-62,03008;181,2115;806,8351;-135,3507;439,3198;1062,351;-184,8793;577,1788;1189,146;-227,6205;642,1297;1326,295;-298,436;707,7036;0;0;0;0;0;0;0;0;0;0;0;0;0;0;0;0;0;0;0;0;0;1,015663;-0,584364;0,506401;1,576424;-0,896215;0,732422;2,048492;-1,143694;0,872612;0;0;0;0;0;0;-0,520706;1,126528;-1,470566;-0,812531;1,73521;-2,26593;-1,029968;2,230167;-2,915382;0;0;0;0;0;0;0;0;0;0;0;0;0;0;0;0;0;0;0;0;0;0;0;0;0;0;0;0;0;0;11,08099;14,65214;15,0766;16,0363;15,90183;41,64951;3,09402;1,386351;2,273225;-2,692755;3,58523;3,804211;-8,392554;3,521199;5,204244;5,264289;-7,602536;3,55154;10,31258;10,16974;-9,944532;3,458363;4,591286;5,312716;0;0;0;0;-0,149732;0,18744;-0,003276;0;0;0;0;0;0;0;0;0;0;0;0;0;0;0;0;0;-7,43637;18,04504;-0,393105;-0,186253;-19,53506;0;-0,271225;0,133896;0;0;0;0;0;0;0;0
140;2240;00:00:02:320;0;0;0;-1,730076;-2,135887;4,237207;-3,519087;-2,932439;8,572934;-5,235965;-3,506858;12,23283;-6,612227;-3,913203;15,00634;-2,178784;-1,412107;3,463168;-8,730492;-1,458588;7,220951;-13,11205;-1,7716;9,776031;-15,39635;-1,802647;11,22538;-17,16745;-1,712682;12,45032;-2,763085;-0,507064;2,455165;-9,597618;-0,081355;5,638807;-14,64141;0,678037;8,029538;-17,26735;1,308092;9,457851;-19,31787;2,002653;10,7338;-3,31339;0,260863;1,505672;-9,801884;1,115817;3,819181;-14,2402;1,743725;5,995316;-16,50896;2,477115;7,458035;-18,30211;3,453447;8,9745;-3,837455;1,033664;0,60152;-9,488785;2,305764;1,780253;-13,06904;2,895448;3,384278;-14,83942;3,325027;4,284705;-16,74784;3,974432;5,40334;-45,78548;44,08067;124,1466;15,55186;18,91784;-115,3567;18,64593;18,91784;-115,3567;20,18107;18,86988;-114,8961;20,18107;18,86987;-114,8961;-46,16545;44,08067;124,1466;-47,65939;41,7122;125,3155;-43,62848;42,25986;125,9811;-39,1253;42,89421;127,0141;-39,2922;42,74726;126,7685;-50,84184;48,11587;117,6639;-48,91709;49,77221;115,0867;-45,26807;48,36986;113,0273;-41,47442;47,33856;111,0456;-41,29665;47,48251;111,2871;-57,20652;52,02165;109,4179;-49,47027;47,77437;114,2861;-40,67043;46,41519;112,2178;-33,72719;44,19844;107,6727;-33,50776;44,34808;107,987;-68,89362;56,37676;95,1326;-51,58131;49,40892;111,7066;-48,32061;48,21446;109,9397;-46,07268;45,62025;105,7527;-45,87045;45,82425;106,0351;0;0;0;-107,3902;131,1573;-36,92968;-166,1553;115,3459;-73,81501;-194,8605;95,08129;-94,22059;-209,2496;77,93142;-105,7807;-11,48537;84,72643;9,512632;381,617;90,52071;237,2163;632,7003;123,6152;388,2526;763,4203;122,9427;463,4769;864,6152;106,9507;518,7647;112,0672;28,32085;69,99286;569,79;5,783681;329,5516;921,7428;-60,31595;519,8452;1105,687;-125,8064;613,4078;1249,845;-203,835;681,6481;225,4241;-15,65643;126,9624;705,6439;-63,94831;394,5852;1010,887;-119,9847;559,8695;1167,008;-204,0939;633,8486;1289,509;-324,6433;681,5085;334,8531;-62,03008;181,2115;806,8351;-135,3507;439,3198;1062,351;-184,8793;577,1788;1189,146;-227,6205;642,1297;1326,295;-298,436;707,7036;0;0;0;0;0;0;0;0;0;0;0;0;0;0;0;0;0;0;0;0;0;0,097275;-1,274586;0,005722;0,117302;-1,955509;0,025749;0,108719;-2,496958;0,054359;0;0;0;0;0;0;0;0;0;0;0;0;0;0;0;0;0;0;0;0;0;0;0;0;0;0;0;0;0;0;0;0;0;0;0;0;0;0;0;0;0;0;0;0;0;11,08099;14,65214;15,0766;16,0363;15,90183;41,64951;3,09402;1,386351;2,273225;-2,692755;3,58523;3,804211;-8,392554;3,521199;5,204244;5,264289;-7,602536;3,55154;10,31258;10,16974;-9,944532;3,458363;4,591286;5,312716;0;0;0;0;0;0;0;0;0;0;0;0;0;0;0;0;0;0;0;0;0;0;0;0;8,983897;-11,24639;0,196552;0;0;0;0;0;0;0;0;0;0;0;0;0
141;2256;00:00:02:336;0;0;0;-1,730076;-2,135887;4,237207;-3,519087;-2,932439;8,572934;-5,235965;-3,506858;12,23283;-6,612227;-3,913203;15,00634;-2,178784;-1,412107;3,463168;-8,730492;-1,458588;7,220951;-13,1118;-1,77172;9,776431;-15,39597;-1,802831;11,22598;-17,16696;-1,712918;12,45109;-2,763085;-0,507064;2,455165;-9,597618;-0,081355;5,638807;-14,6415;0,678241;8,029272;-17,2675;1,308406;9,457441;-19,31805;2,003057;10,73327;-3,31339;0,260863;1,505672;-9,801884;1,115817;3,819181;-14,24006;1,743428;5,995675;-16,50875;2,476653;7,458594;-18,30183;3,452842;8,97523;-3,837455;1,033664;0,60152;-9,488785;2,305764;1,780253;-13,06904;2,895448;3,384278;-14,83897;3,325807;4,285222;-16,74622;3,976795;5,404927;-45,78548;44,08067;124,1466;15,55186;18,91784;-115,3567;18,64593;18,91784;-115,3567;20,18107;18,86988;-114,8961;20,18107;18,86987;-114,8961;-46,16545;44,08067;124,1466;-47,65429;41,70844;125,3199;-43,62338;42,25606;125,9856;-39,12026;42,89035;127,0186;-39,28713;42,74343;126,773;-50,84184;48,11587;117,6639;-48,92025;49,77455;115,0826;-45,27128;48,37211;113,0232;-41,47766;47,34072;111,0415;-41,29989;47,48471;111,283;-57,20652;52,02165;109,4179;-49,46559;47,77073;114,2924;-40,66567;46,41167;112,2242;-33,72226;44,19519;107,679;-33,50283;44,34482;107,9933;-68,89362;56,37676;95,1326;-51,58131;49,40892;111,7066;-48,2913;48,21445;109,9397;-46,01847;45,62167;105,7507;-45,81603;45,82549;106,0335;0;0;0;-107,3902;131,1573;-36,92968;-166,1553;115,3459;-73,81501;-194,8605;95,08129;-94,22059;-209,2496;77,93142;-105,7807;-11,48537;84,72643;9,512632;381,617;90,52071;237,2163;632,6735;123,6043;388,2521;763,3793;122,926;463,4757;864,5628;106,9295;518,7628;112,0672;28,32085;69,99286;569,79;5,783681;329,5516;921,7635;-60,31586;519,842;1105,719;-125,8062;613,4031;1249,886;-203,8349;681,642;225,4241;-15,65643;126,9624;705,6439;-63,94831;394,5852;1010,858;-119,9839;559,8734;1166,964;-204,0925;633,8546;1289,45;-324,6416;681,5162;334,8531;-62,03008;181,2115;806,8351;-135,3507;439,3198;1062,351;-184,8793;577,1788;1189,141;-227,6821;642,1216;1326,274;-298,6279;707,667;0;0;0;0;0;0;0;0;0;0;0;0;0;0;0;0;0;0;0;0;0;-1,607895;-0,650883;-0,031471;-2,460479;-0,998497;-0,071526;-3,147125;-1,273155;-0,120163;0;0;0;0;0;0;1,241684;0,005007;-0,185967;1,916885;0,007868;-0,283241;2,454757;0,010014;-0,36335;0;0;0;0;0;0;-1,73378;0,050783;0,231743;-2,689361;0,080109;0,357628;-3,52478;0,104427;0,463486;0;0;0;0;0;0;0;0;0;-0,28038;-3,697872;-0,483513;-1,270294;-11,51276;-2,194404;11,0803;14,65262;15,0758;16,03549;15,90183;41,64951;3,09402;1,386351;2,278214;-2,690718;3,585285;3,804159;-8,396086;3,521144;5,204206;5,264289;-7,596958;3,551265;10,31259;10,16974;-9,944532;3,458363;4,620588;5,339022;0;0;0;0;0,299306;0,122166;0,003276;-0,003104;-0,211887;-0,003333;-0,00226;0;0,334654;-0,016537;0,001144;0;0;0;1,758127;1,578398;0;0;0;0;17,95835;7,32994;0,196552;-0,186253;-12,71324;-0,199986;-0,135613;0;20,07923;-0,992203;0,068665;0;0;0;105,4876;94,70385
142;2272;00:00:02:352;0;0;0;-1,730076;-2,135887;4,237207;-3,519087;-2,932439;8,572934;-5,235965;-3,506858;12,23283;-6,612227;-3,913203;15,00634;-2,178784;-1,412107;3,463168;-8,730492;-1,458588;7,220951;-13,1118;-1,77172;9,776431;-15,39597;-1,802831;11,22598;-17,16696;-1,712918;12,45109;-2,763085;-0,507064;2,455165;-9,597618;-0,081355;5,638807;-14,64136;0,677942;8,029662;-17,26728;1,307946;9,45804;-19,31778;2,002466;10,73404;-3,31339;0,260863;1,505672;-9,801884;1,115817;3,819181;-14,24009;1,74349;5,995601;-16,50879;2,47675;7,458476;-18,30189;3,452969;8,975075;-3,837455;1,033664;0,60152;-9,488785;2,305764;1,780253;-13,06904;2,895448;3,384278;-14,83897;3,325807;4,285222;-16,74622;3,976795;5,404927;-45,78548;44,08067;124,1466;15,55186;18,91784;-115,3567;18,64593;18,91784;-115,3567;20,18107;18,86988;-114,8961;20,18107;18,86987;-114,8961;-46,16545;44,08067;124,1466;-47,65429;41,70844;125,3199;-43,62338;42,25606;125,9856;-39,12026;42,89035;127,0186;-39,28713;42,74343;126,773;-50,84184;48,11587;117,6639;-48,91562;49,77114;115,0886;-45,26659;48,3688;113,0292;-41,4729;47,33754;111,0476;-41,29514;47,48149;111,289;-57,20652;52,02165;109,4179;-49,46657;47,7715;114,2911;-40,66668;46,41243;112,2228;-33,7233;44,19587;107,6777;-33,50387;44,3455;107,992;-68,89362;56,37676;95,1326;-51,58131;49,40892;111,7066;-48,2913;48,21445;109,9397;-46,01847;45,62167;105,7507;-45,81603;45,82549;106,0335;0;0;0;-107,3902;131,1573;-36,92968;-166,1553;115,3459;-73,81501;-194,8605;95,08129;-94,22059;-209,2496;77,93142;-105,7807;-11,48537;84,72643;9,512632;381,617;90,52071;237,2163;632,659;123,6115;388,2281;763,3568;122,9371;463,4392;864,5335;106,9436;518,7163;112,0672;28,32085;69,99286;569,79;5,783681;329,5516;921,7387;-60,32824;519,8625;1105,681;-125,8253;613,4344;1249,837;-203,8594;681,6826;225,4241;-15,65643;126,9624;705,6439;-63,94831;394,5852;1010,856;-119,9662;559,8511;1166,961;-204,0651;633,8199;1289,446;-324,6056;681,4706;334,8531;-62,03008;181,2115;806,8351;-135,3507;439,3198;1062,351;-184,8793;577,1788;1189,114;-227,7289;642,0906;1326,177;-298,7696;707,5718;0;0;0;0;0;0;0;0;0;0;0;0;0;0;0;0;0;0;0;0;0;-0,872612;0,431299;-1,440525;-1,353264;0,663042;-2,191543;-1,756668;0,846148;-2,783775;0;0;0;0;0;0;-1,487732;-0,742435;1,227379;-2,283096;-1,142979;1,882553;-2,929687;-1,469135;2,43473;0;0;0;0;0;0;-0,114441;1,061439;-1,336098;-0,171661;1,647949;-2,079963;-0,240326;2,157211;-2,737999;0;0;0;0;0;0;0;0;0;-1,630783;-2,806663;-1,862526;-5,825042;-8,50582;-5,713462;11,0803;14,65192;15,07597;16,03549;15,90183;41,64951;3,09402;1,386351;2,278214;-2,690718;3,585285;3,804159;-8,390916;3,521199;5,204206;5,264289;-7,59812;3,55132;10,31258;10,16972;-9,944532;3,458363;4,620588;5,339022;0;0;0;0;0;0;0;0;0,310192;0,003333;0;0;-0,069723;0,003304;-0,001144;-0,001144;0;0;0;0;0;0;0;0;-17,95835;-7,32994;-0,196552;0,186253;31,32476;0,399971;0,135613;0;-24,26262;1,190472;-0,137329;-0,068665;0;0;-105,4876;-94,70385
143;2288;00:00:02:368;0;0;0;-1,72976;-2,135863;4,237348;-3,518662;-2,932368;8,57313;-5,23545;-3,506752;12,23308;-6,611644;-3,913073;15,00662;-2,178537;-1,412113;3,463321;-8,730024;-1,458739;7,221484;-13,11133;-1,771553;9,77702;-15,39548;-1,802491;11,22659;-17,16646;-1,712437;12,45171;-2,762927;-0,507109;2,455334;-9,59729;-0,081564;5,639364;-14,64085;0,677473;8,030679;-17,26668;1,307342;9,459293;-19,31709;2,001757;10,73548;-3,313312;0,260782;1,505858;-9,8017;1,115566;3,819726;-14,23986;1,743266;5,996231;-16,50854;2,476552;7,459136;-18,30161;3,452805;8,975745;-3,837455;1,033548;0,601723;-9,488758;2,305484;1,780758;-13,06895;2,895116;3,384934;-14,83931;3,324673;4,285432;-16,74768;3,974056;5,404141;-45,78079;44,07972;124,1518;15,55132;18,91622;-115,3554;18,64539;18,91621;-115,3554;20,18052;18,86824;-114,8947;20,18052;18,86823;-114,8947;-46,16077;44,07972;124,1518;-47,65087;41,71124;125,3202;-43,61989;42,25884;125,986;-39,11665;42,89308;127,0191;-39,28355;42,74615;126,7735;-50,83668;48,11531;117,6696;-48,90811;49,76913;115,0974;-45,25918;48,36699;113,0378;-41,46555;47,33589;111,0561;-41,28778;47,47981;111,2975;-57,20084;52,02158;109,4243;-49,46349;47,77276;114,294;-40,66373;46,41376;112,2256;-33,72063;44,19736;107,6801;-33,50117;44,34697;107,9945;-68,88749;56,37755;95,13961;-51,57673;49,40924;111,7115;-48,31615;48,2149;109,9445;-46,0685;45,62087;105,7571;-45,86623;45,82488;106,0396;0;0;0;-107,3902;131,1573;-36,92968;-166,1477;115,3497;-73,80822;-194,8461;95,08861;-94,20838;-209,2299;77,94141;-105,7645;-11,48537;84,72643;9,512632;381,617;90,52071;237,2163;632,6857;123,6005;388,2296;763,3979;122,9202;463,4412;864,5862;106,922;518,7184;112,0672;28,32085;69,99286;569,79;5,783681;329,5516;921,7164;-60,31036;519,8412;1105,647;-125,7978;613,4017;1249,792;-203,824;681,6403;225,4241;-15,65643;126,9624;705,6439;-63,94831;394,5852;1010,871;-119,9703;559,8538;1166,983;-204,0715;633,8243;1289,476;-324,6141;681,4766;334,8531;-62,03008;181,2115;806,8351;-135,3507;439,3198;1062,355;-184,8794;577,178;1189,124;-227,6674;642,0978;1326,205;-298,5779;707,6071;0;0;0;0;0;0;0,455618;0,232458;0,407696;0,863314;0,439167;0,732422;1,180172;0,599384;0,970602;0;0;0;0;0;0;1,605034;-0,661612;0,090122;2,469063;-1,013517;0,120163;3,158569;-1,293182;0,123024;0;0;0;0;0;0;-1,338959;1,072883;-1,276016;-2,07138;1,651525;-1,962662;-2,660751;2,122879;-2,540588;0;0;0;0;0;0;0,875473;-0,248909;0,160217;1,356125;-0,386238;0,268936;1,756668;-0,507832;0,360489;0;0;0;0;0;0;0,211716;-0,005722;-0,042915;0,600815;3,69215;0,429153;1,70517;11,50417;2,120018;11,08037;14,65116;15,0759;16,03601;15,90044;41,64742;3,09402;1,386069;2,273053;-2,688608;3,58523;3,804159;-8,388505;3,521199;5,204168;5,264289;-7,6006;3,55143;10,31259;10,16974;-9,945403;3,458419;4,591328;5,312679;-0,08297;-0,125427;0;-0,016937;-0,309649;0,126629;-0,003276;0;0,144653;0;-0,00226;0;-0,148773;0,006623;0,001144;0,001144;-0,052242;0,00339;-1,755581;-1,580601;-4,978179;-7,525634;0;-1,016235;-18,57891;7,597732;-0,196552;0;-9,932326;-0,199986;-0,135613;0;-4,743003;0,199127;0,137329;0,137329;-3,134536;0,203419;-105,3348;-94,83603
144;2304;00:00:02:384;0;0;0;-1,72976;-2,135863;4,237348;-3,518662;-2,932368;8,57313;-5,23545;-3,506752;12,23308;-6,611644;-3,913073;15,00662;-2,178537;-1,412113;3,463321;-8,730024;-1,458739;7,221484;-13,11139;-1,771661;9,776897;-15,39559;-1,802655;11,22641;-17,1666;-1,712647;12,45148;-2,762927;-0,507109;2,455334;-9,59729;-0,081564;5,639364;-14,64075;0,677253;8,030966;-17,26652;1,307004;9,459737;-19,31689;2,001323;10,73604;-3,313312;0,260782;1,505858;-9,8017;1,115566;3,819726;-14,23976;1,743034;5,996511;-16,50837;2,476191;7,45957;-18,30139;3,452332;8,976315;-3,837455;1,033548;0,601723;-9,488758;2,305484;1,780758;-13,06895;2,895116;3,384934;-14,83931;3,324673;4,285432;-16,74768;3,974056;5,404141;-45,78079;44,07972;124,1518;15,55132;18,91622;-115,3554;18,64539;18,91621;-115,3554;20,18052;18,86824;-114,8947;20,18052;18,86823;-114,8947;-46,16077;44,07972;124,1518;-47,65307;41,71162;125,3198;-43,6221;42,25923;125,9855;-39,11889;42,89349;127,0186;-39,28578;42,74657;126,773;-50,83668;48,11531;117,6696;-48,90469;49,76662;115,1019;-45,25573;48,36455;113,0422;-41,46205;47,33353;111,0605;-41,28429;47,47747;111,3019;-57,20084;52,02158;109,4243;-49,45984;47,76992;114,2989;-40,66002;46,41101;112,2305;-33,71677;44,19482;107,6851;-33,49733;44,34443;107,9994;-68,88749;56,37755;95,13961;-51,57673;49,40924;111,7115;-48,31615;48,2149;109,9445;-46,0685;45,62087;105,7571;-45,86623;45,82488;106,0396;0;0;0;-107,4092;131,1559;-36,93813;-166,1732;115,3455;-73,81993;-194,877;95,08221;-94,22292;-209,265;77,93362;-105,7812;-11,50019;84,72675;9,503469;381,589;90,52973;237,1843;632,66;123,6006;388,1941;763,3729;122,9153;463,4044;864,5616;106,9129;518,6814;112,0576;28,32352;69,98267;569,7703;5,796256;329,5182;921,6637;-60,28229;519,7835;1105,576;-125,7617;613,3317;1249,707;-203,7817;681,5605;225,4194;-15,65158;126,9512;705,6328;-63,93324;394,5525;1010,834;-119,9562;559,8189;1166,933;-204,0586;633,7892;1289,413;-324,6028;681,4424;334,8531;-62,02314;181,1994;806,8334;-135,3339;439,2894;1062,349;-184,8595;577,1387;1189,144;-227,5993;642,0851;1326,293;-298,4136;707,6543;0;0;0;-1,137257;-0,087261;-0,506937;-1,529932;-0,256062;-0,702739;-1,853227;-0,383377;-0,871897;-2,099991;-0,467777;-1,002788;-0,889152;0,020027;-0,549853;-1,682281;0,541449;-1,921177;-1,544952;0,007153;-2,131462;-1,499176;-0,29254;-2,211571;-1,470566;-0,543594;-2,220154;-0,572205;0,159681;-0,611186;-1,178741;0,754505;-2,004146;-3,164291;1,68407;-3,464699;-4,245758;2,165794;-4,205703;-5,104064;2,537727;-4,786491;-0,281811;0,29102;-0,67234;-0,663757;0,904798;-1,964092;-2,185821;0,846148;-2,091408;-3,026962;0,773907;-2,105713;-3,759384;0,673771;-2,051353;0;0,416637;-0,72813;-0,097275;1,00851;-1,822471;-0,314713;1,196623;-2,360344;1,207352;4,082679;-0,75531;5,281448;9,859084;2,829551;11,08051;14,65064;15,07528;16,03601;15,90044;41,64742;3,09402;1,386069;2,272623;-2,690573;3,58523;3,804211;-8,384688;3,521144;5,204168;5,264289;-7,596261;3,551265;10,31259;10,16972;-9,945403;3,458419;4,591328;5,312679;0;0;0;0;-0,025821;-0,117903;0;0,003104;0,228996;-0,003333;0;0;0,260353;-0,009928;0;-0,001144;0;0;0;0;4,978179;7,525634;0;1,016235;17,02966;-14,6719;0,196552;0,186253;5,060577;-0,199986;0,135613;0;24,54757;-0,993061;-0,068665;-0,137329;3,134536;-0,203419;105,3348;94,83603
145;2320;00:00:02:400;0;0;0;-1,72976;-2,135863;4,237348;-3,518662;-2,932368;8,57313;-5,23545;-3,506752;12,23308;-6,611644;-3,913073;15,00662;-2,178537;-1,412113;3,463321;-8,730024;-1,458739;7,221484;-13,11139;-1,771661;9,776897;-15,39559;-1,802655;11,22641;-17,1666;-1,712647;12,45148;-2,762927;-0,507109;2,455334;-9,59729;-0,081564;5,639364;-14,64075;0,677246;8,030975;-17,26652;1,306993;9,459751;-19,31688;2,001308;10,73606;-3,313312;0,260782;1,505858;-9,8017;1,115566;3,819726;-14,23976;1,743034;5,996511;-16,50837;2,476191;7,45957;-18,30139;3,452332;8,976315;-3,837455;1,033548;0,601723;-9,488758;2,305484;1,780758;-13,06895;2,895116;3,384934;-14,83931;3,324673;4,285432;-16,74768;3,974056;5,404141;-45,78079;44,07972;124,1518;15,55132;18,91622;-115,3554;18,64539;18,91621;-115,3554;20,18052;18,86824;-114,8947;20,18052;18,86823;-114,8947;-46,16077;44,07972;124,1518;-47,65307;41,71162;125,3198;-43,6221;42,25923;125,9855;-39,11889;42,89349;127,0186;-39,28578;42,74657;126,773;-50,83668;48,11531;117,6696;-48,90458;49,76654;115,1021;-45,25562;48,36447;113,0424;-41,46193;47,33345;111,0606;-41,28416;47,47739;111,3021;-57,20084;52,02158;109,4243;-49,45984;47,76992;114,2989;-40,66002;46,41101;112,2305;-33,71677;44,19482;107,6851;-33,49733;44,34443;107,9994;-68,88749;56,37755;95,13961;-51,57673;49,40924;111,7115;-48,31615;48,2149;109,9445;-46,0685;45,62087;105,7571;-45,86623;45,82488;106,0396;0;0;0;-107,4092;131,1559;-36,93813;-166,1732;115,3455;-73,81993;-194,877;95,08221;-94,22292;-209,265;77,93362;-105,7812;-11,50019;84,72675;9,503469;381,589;90,52973;237,1843;632,6639;123,607;388,2014;763,379;122,9252;463,4155;864,5699;106,9255;518,6953;112,0576;28,32352;69,98267;569,7703;5,796256;329,5182;921,6568;-60,2691;519,7663;1105,565;-125,7414;613,3051;1249,693;-203,7556;681,5267;225,4194;-15,65158;126,9512;705,6328;-63,93324;394,5525;1010,828;-119,9423;559,8021;1166,923;-204,037;633,7631;1289,4;-324,5744;681,4082;334,8531;-62,02314;181,1994;806,8334;-135,3339;439,2894;1062,349;-184,8595;577,1387;1189,144;-227,5993;642,0851;1326,293;-298,4136;707,6543;0;0;0;0;0;0;0;0;0;0;0;0;0;0;0;0;0;0;0;0;0;0,231743;0,385523;0,436306;0,366211;0,591516;0,666618;0,497818;0,756025;0,835419;0;0;0;0;0;0;-0,411987;0,791073;-1,032829;-0,629425;1,217365;-1,590729;-0,835419;1,563549;-2,028465;0;0;0;0;0;0;-0,383377;0,836849;-1,00708;-0,600815;1,298904;-1,567841;-0,772476;1,703739;-2,051353;0;0;0;0;0;0;0;0;0;0;0;0;0;0;0;11,08051;14,65062;15,07528;16,03601;15,90044;41,64742;3,09402;1,386069;2,272623;-2,690573;3,58523;3,804211;-8,384571;3,521144;5,204206;5,264289;-7,596261;3,551265;10,31259;10,16972;-9,945403;3,458419;4,591328;5,312679;0;0;0;0;0;0;0;0;0,007038;0;0,00226;0;0;0;0;0;0;0;0;0;0;0;0;0;1,549244;7,074164;0;-0,186253;-13,31749;0,199986;0,135613;0;-15,62118;0,595665;0;0,068665;0;0;0;0
146;2336;00:00:02:416;0;0;0;-1,72976;-2,135863;4,237348;-3,518662;-2,932368;8,57313;-5,23545;-3,506752;12,23308;-6,611644;-3,913073;15,00662;-2,178537;-1,412113;3,463321;-8,730024;-1,458739;7,221484;-13,11139;-1,771661;9,776897;-15,39602;-1,803764;11,2257;-17,1678;-1,715441;12,44979;-2,762927;-0,507109;2,455334;-9,59729;-0,081564;5,639364;-14,6407;0,67715;8,0311;-17,26645;1,306846;9,459943;-19,3168;2,00112;10,73631;-3,313312;0,260782;1,505858;-9,8017;1,115566;3,819726;-14,23976;1,743034;5,996511;-16,50837;2,476191;7,45957;-18,30139;3,452332;8,976315;-3,837455;1,033548;0,601723;-9,488758;2,305484;1,780758;-13,06895;2,895116;3,384934;-14,83931;3,324673;4,285432;-16,74768;3,974056;5,404141;-45,78079;44,07972;124,1518;15,55132;18,91622;-115,3554;18,64539;18,91621;-115,3554;20,18052;18,86824;-114,8947;20,18052;18,86823;-114,8947;-46,16077;44,07972;124,1518;-47,65307;41,71162;125,3198;-43,65141;42,25924;125,9855;-39,17485;42,89388;127,0181;-39,34161;42,74678;126,7728;-50,83668;48,11531;117,6696;-48,90311;49,76545;115,104;-45,25414;48,36341;113,0443;-41,46041;47,33244;111,0626;-41,28265;47,47635;111,304;-57,20084;52,02158;109,4243;-49,45984;47,76992;114,2989;-40,66002;46,41101;112,2305;-33,71677;44,19482;107,6851;-33,49733;44,34443;107,9994;-68,88749;56,37755;95,13961;-51,57673;49,40924;111,7115;-48,31615;48,2149;109,9445;-46,0685;45,62087;105,7571;-45,86623;45,82488;106,0396;0;0;0;-107,4092;131,1559;-36,93813;-166,1732;115,3455;-73,81993;-194,877;95,08221;-94,22292;-209,265;77,93362;-105,7812;-11,50019;84,72675;9,503469;381,589;90,52973;237,1843;632,6639;123,607;388,2014;763,3795;123,0082;463,4167;864,5696;107,1338;518,7068;112,0576;28,32352;69,98267;569,7703;5,796256;329,5182;921,6469;-60,26871;519,7673;1105,55;-125,7408;613,3066;1249,674;-203,7548;681,5283;225,4194;-15,65158;126,9512;705,6328;-63,93324;394,5525;1010,828;-119,9423;559,8021;1166,923;-204,037;633,7631;1289,4;-324,5744;681,4082;334,8531;-62,02314;181,1994;806,8334;-135,3339;439,2894;1062,349;-184,8595;577,1387;1189,144;-227,5993;642,0851;1326,293;-298,4136;707,6543;0;0;0;0;0;0;0;0;0;0;0;0;0;0;0;0;0;0;0;0;0;0;0;0;0,031471;4,98104;0,074387;-0,017166;12,4948;0,692368;0;0;0;0;0;0;-0,595093;0,023961;0,060081;-0,921249;0,037193;0,088692;-1,173019;0,050068;0,100136;0;0;0;0;0;0;0;0;0;0;0;0;0;0;0;0;0;0;0;0;0;0;0;0;0;0;0;0;0;0;11,08148;14,6504;15,07528;16,03601;15,90044;41,64742;3,09402;1,386069;2,272623;-2,690573;3,556003;3,777817;-8,382908;3,521088;5,204206;5,264289;-7,596261;3,551265;10,31259;10,16972;-9,945403;3,458419;4,591328;5,312679;0;0;0;0;0;0;-1,75365;-1,583662;0,099792;-0,003333;0;0;0;0;0;0;0;0;0;0;0;0;0;0;0;0;-105,219;-95,01971;5,565261;-0,199986;-0,135613;0;0;0;0;0;0;0;0;0
147;2352;00:00:02:432;0;0;0;-1,72976;-2,135863;4,237348;-3,518662;-2,932368;8,57313;-5,23545;-3,506752;12,23308;-6,611644;-3,913073;15,00662;-2,178537;-1,412113;3,463321;-8,730024;-1,458739;7,221484;-13,11139;-1,771661;9,776897;-15,39602;-1,803764;11,2257;-17,1678;-1,715441;12,44979;-2,762927;-0,507109;2,455334;-9,59729;-0,081564;5,639364;-14,64071;0,677165;8,031081;-17,26646;1,306869;9,459913;-19,31681;2,001149;10,73627;-3,313312;0,260782;1,505858;-9,8017;1,115566;3,819726;-14,23976;1,743034;5,996511;-16,50837;2,476191;7,45957;-18,30139;3,452332;8,976315;-3,837455;1,033548;0,601723;-9,488758;2,305484;1,780758;-13,06895;2,895116;3,384934;-14,83931;3,324673;4,285432;-16,74768;3,974056;5,404141;-45,78079;44,07972;124,1518;15,55132;18,91622;-115,3554;18,64539;18,91621;-115,3554;20,18052;18,86824;-114,8947;20,18052;18,86823;-114,8947;-46,16077;44,07972;124,1518;-47,65307;41,71162;125,3198;-43,65141;42,25924;125,9855;-39,17485;42,89388;127,0181;-39,34161;42,74678;126,7728;-50,83668;48,11531;117,6696;-48,90332;49,76562;115,1037;-45,25435;48,36357;113,044;-41,46065;47,3326;111,0622;-41,28289;47,47652;111,3037;-57,20084;52,02158;109,4243;-49,45984;47,76992;114,2989;-40,66002;46,41101;112,2305;-33,71677;44,19482;107,6851;-33,49733;44,34443;107,9994;-68,88749;56,37755;95,13961;-51,57673;49,40924;111,7115;-48,31615;48,2149;109,9445;-46,0685;45,62087;105,7571;-45,86623;45,82488;106,0396;0;0;0;-107,4092;131,1559;-36,93813;-166,1732;115,3455;-73,81993;-194,877;95,08221;-94,22292;-209,265;77,93362;-105,7812;-11,50019;84,72675;9,503469;381,589;90,52973;237,1843;632,6639;123,607;388,2014;763,4055;123,0747;463,4591;864,6414;107,3014;518,8081;112,0576;28,32352;69,98267;569,7703;5,796256;329,5182;921,6456;-60,263;519,7595;1105,548;-125,732;613,2947;1249,672;-203,7435;681,5131;225,4194;-15,65158;126,9512;705,6328;-63,93324;394,5525;1010,828;-119,9423;559,8021;1166,923;-204,037;633,7631;1289,4;-324,5744;681,4082;334,8531;-62,02314;181,1994;806,8334;-135,3339;439,2894;1062,349;-184,8595;577,1387;1189,144;-227,5993;642,0851;1326,293;-298,4136;707,6543;0;0;0;0;0;0;0;0;0;0;0;0;0;0;0;0;0;0;0;0;0;0;0;0;1,556396;3,988266;2,543449;4,302978;10,05721;6,076812;0;0;0;0;0;0;-0,080109;0,342608;-0,466347;-0,102997;0,527859;-0,718117;-0,137329;0,678062;-0,912666;0;0;0;0;0;0;0;0;0;0;0;0;0;0;0;0;0;0;0;0;0;0;0;0;0;0;0;0;0;0;11,08148;14,65043;15,07528;16,03601;15,90044;41,64742;3,09402;1,386069;2,272623;-2,690573;3,556003;3,777817;-8,383166;3,521088;5,204168;5,264252;-7,596261;3,551265;10,31259;10,16972;-9,945403;3,458419;4,591328;5,312679;0;0;0;0;0;0;0;0;-0,015507;0;-0,00226;-0,002232;0;0;0;0;0;0;0;0;0;0;0;0;0;0;105,219;95,01971;-6,917953;0,199986;-0,135613;-0,133896;0;0;0;0;0;0;0;0
148;2368;00:00:02:448;0;0;0;-1,72976;-2,135863;4,237348;-3,518662;-2,932368;8,57313;-5,23545;-3,506752;12,23308;-6,611644;-3,913073;15,00662;-2,178537;-1,412113;3,463321;-8,730024;-1,458739;7,221484;-13,11139;-1,771661;9,776897;-15,39602;-1,803764;11,2257;-17,1678;-1,715441;12,44979;-2,762927;-0,507109;2,455334;-9,59729;-0,081564;5,639364;-14,64075;0,677253;8,030966;-17,26652;1,307004;9,459737;-19,31689;2,001323;10,73604;-3,313312;0,260782;1,505858;-9,8017;1,115566;3,819726;-14,23974;1,742987;5,996569;-16,50834;2,476119;7,459659;-18,30135;3,452238;8,976427;-3,837455;1,033548;0,601723;-9,488758;2,305484;1,780758;-13,07013;2,892632;3,383207;-14,84121;3,32094;4,282876;-16,75056;3,96895;5,400728;-45,78079;44,07972;124,1518;15,55132;18,91622;-115,3554;18,64539;18,91621;-115,3554;20,18052;18,86824;-114,8947;20,18052;18,86823;-114,8947;-46,16077;44,07972;124,1518;-47,65307;41,71162;125,3198;-43,65141;42,25924;125,9855;-39,17485;42,89388;127,0181;-39,34161;42,74678;126,7728;-50,83668;48,11531;117,6696;-48,90469;49,76662;115,1019;-45,25573;48,36455;113,0422;-41,46205;47,33353;111,0605;-41,28429;47,47747;111,3019;-57,20084;52,02158;109,4243;-49,45911;47,76935;114,2999;-40,65927;46,41046;112,2315;-33,71598;44,19432;107,6861;-33,49656;44,34391;108,0004;-68,88749;56,37755;95,13961;-51,62486;49,41007;111,7099;-48,36317;48,21475;109,9443;-46,11317;45,61846;105,7601;-45,91108;45,82263;106,0424;0;0;0;-107,4092;131,1559;-36,93813;-166,1732;115,3455;-73,81993;-194,877;95,08221;-94,22292;-209,265;77,93362;-105,7812;-11,50019;84,72675;9,503469;381,589;90,52973;237,1843;632,6639;123,607;388,2014;763,4055;123,0747;463,4591;864,6414;107,3014;518,8081;112,0576;28,32352;69,98267;569,7703;5,796256;329,5182;921,6549;-60,26384;519,7594;1105,563;-125,7332;613,2944;1249,69;-203,7451;681,5128;225,4194;-15,65158;126,9512;705,6328;-63,93324;394,5525;1010,823;-119,9422;559,8027;1166,916;-204,0368;633,7642;1289,391;-324,5742;681,4092;334,8531;-62,02314;181,1994;806,8334;-135,3339;439,2894;1062,362;-184,6652;577,1483;1189,164;-227,3063;642,1074;1326,323;-298,0105;707,7012;0;0;0;0;0;0;0;0;0;0;0;0;0;0;0;0;0;0;0;0;0;0;0;0;0;0;0;0;0;0;0;0;0;0;0;0;0,56076;-0,050426;-0,008583;0,858307;-0,076532;-0,011444;1,110077;-0,100136;-0,017166;0;0;0;0;0;0;-0,268936;0,007868;0,037193;-0,417709;0,011444;0,065804;-0,543594;0,014305;0,062943;0;0;0;0;0;0;0,7267;11,65509;0,577927;1,178741;17,57812;1,336098;1,791;24,18279;2,815246;11,08148;14,65064;15,07515;16,03736;15,90044;41,64742;3,09402;1,386069;2,272623;-2,690573;3,556003;3,777817;-8,384688;3,521144;5,204168;5,264289;-7,595382;3,551209;10,31258;10,16974;-9,946748;3,410936;4,591328;5,312716;0;0;0;0;0;0;0;0;-0,091324;0,003333;0;0,002232;0,0527;-0,003304;-0,001144;0,001144;-0,080681;-2,849021;0;0,002203;0;0;0;0;0;0;0;0;-4,549026;0,199986;0,135613;0,267792;3,162002;-0,198269;-0,068665;0,068665;-4,84085;-170,9412;0;0,132179
149;2384;00:00:02:464;0;0;0;-1,729294;-2,136037;4,237451;-3,51774;-2,932873;8,573359;-5,234148;-3,507545;12,23344;-6,610056;-3,914085;15,00709;-2,178162;-1,412269;3,463493;-8,729273;-1,459145;7,222313;-13,11032;-1,772162;9,778257;-15,39477;-1,804318;11,22734;-17,16639;-1,716038;12,45165;-2,762671;-0,507243;2,455595;-9,596723;-0,081934;5,640325;-14,6399;0,676582;8,03262;-17,26551;1,306169;9,461764;-19,31574;2,000351;10,73837;-3,313166;0,260669;1,506199;-9,801338;1,115252;3,820748;-14,23914;1,742454;5,99813;-16,5076;2,475459;7,461514;-18,30046;3,451463;8,978532;-3,837415;1,033455;0,602142;-9,488626;2,305244;1,781786;-13,0698;2,892151;3,384764;-14,84077;3,320334;4,284702;-16,75;3,968202;5,402853;-45,77565;44,07492;124,1564;15,5443;18,91702;-115,3557;18,63838;18,91702;-115,3557;20,17351;18,86911;-114,8951;20,17351;18,86911;-114,8951;-46,15562;44,07492;124,1564;-47,64647;41,70634;125,3246;-43,64483;42,25389;125,9903;-39,16835;42,88845;127,023;-39,33511;42,74139;126,7776;-50,83036;48,11096;117,6754;-48,89593;49,76104;115,1107;-45,24692;48,35917;113,051;-41,45314;47,32838;111,0692;-41,27539;47,47226;111,3107;-57,19304;52,01788;109,4315;-49,45148;47,76448;114,3072;-40,65159;46,40577;112,2387;-33,70811;44,19008;107,6932;-33,48869;44,33964;108,0076;-68,87744;56,37514;95,14907;-51,6151;49,40443;111,7198;-48,35339;48,2093;109,9542;-46,1033;45,61349;105,7697;-45,90121;45,81762;106,052;0;0;0;-107,4092;131,1559;-36,93813;-166,1777;115,3537;-73,82096;-194,8855;95,0974;-94,22462;-209,2764;77,95414;-105,7834;-11,50019;84,72675;9,503469;381,589;90,52973;237,1843;632,6608;123,5993;388,2015;763,4008;123,0629;463,4592;864,6355;107,2864;518,8079;112,0576;28,32352;69,98267;569,7703;5,796256;329,5182;921,6449;-60,26915;519,7682;1105,547;-125,7414;613,3079;1249,67;-203,7557;681,5302;225,4194;-15,65158;126,9512;705,6328;-63,93324;394,5525;1010,816;-119,9392;559,8;1166,905;-204,0322;633,7601;1289,376;-324,5681;681,4041;334,8531;-62,02314;181,1994;806,8334;-135,3339;439,2894;1062,421;-184,5159;577,2539;1189,26;-227,0819;642,2639;1326,471;-297,7036;707,9102;0;0;0;0;0;0;-0,268221;0,491381;-0,06187;-0,509977;0,911236;-0,101924;-0,689507;1,23167;-0,128746;0;0;0;0;0;0;-0,183106;-0,46134;0,011444;-0,28038;-0,706673;0,005722;-0,354767;-0,902653;-0,017166;0;0;0;0;0;0;-0,600815;-0,319004;0,529289;-0,932693;-0,492811;0,806809;-1,207352;-0,632286;1,038551;0;0;0;0;0;0;-0,434876;0,178814;-0,160217;-0,669479;0,277519;-0,248909;-0,904083;0,36335;-0,30899;0;0;0;0;0;0;3,547668;8,958577;6,334305;5,796432;13,46397;9,387015;8,886336;18,4164;12,537;11,08142;14,65049;15,07516;16,03715;15,89856;41,64828;3,09402;1,38621;2,273139;-2,689045;3,556003;3,777817;-8,382533;3,521144;5,204206;5,264326;-7,594194;3,551154;10,31258;10,16974;-9,94388;3,410821;4,591286;5,312679;-0,112896;0,051727;0;0,008469;0,030999;0,091696;0;0;0,129318;0;0,00226;0,002232;0,071297;-0,003319;0;0;0,172062;-0,006881;-0,002546;-0,002203;-6,773757;3,103637;0;0,508118;1,859951;5,501746;0;0;13,23852;-0,199986;0,135613;0;1,115799;-0,000858;0,068665;-0,068665;15,16456;170,5284;-0,152779;-0,264359
150;2400;00:00:02:480;0;0;0;-1,729294;-2,136037;4,237451;-3,51774;-2,932873;8,573359;-5,234148;-3,507545;12,23344;-6,610056;-3,914085;15,00709;-2,178162;-1,412269;3,463493;-8,729273;-1,459145;7,222313;-13,11038;-1,772272;9,778133;-15,39444;-1,803378;11,22786;-17,16534;-1,713459;12,45311;-2,762671;-0,507243;2,455595;-9,596723;-0,081934;5,640325;-14,6399;0,676582;8,03262;-17,26551;1,306169;9,461764;-19,31574;2,000351;10,73837;-3,313166;0,260669;1,506199;-9,801338;1,115252;3,820748;-14,23917;1,742507;5,998067;-16,50764;2,475542;7,461415;-18,3005;3,451572;8,978403;-3,837415;1,033455;0,602142;-9,488626;2,305244;1,781786;-13,06974;2,891984;3,384974;-14,84067;3,320081;4,28502;-16,74986;3,967854;5,40329;-45,77565;44,07492;124,1564;15,5443;18,91702;-115,3557;18,63838;18,91702;-115,3557;20,17351;18,86911;-114,8951;20,17351;18,86911;-114,8951;-46,15562;44,07492;124,1564;-47,6487;41,7067;125,3242;-43,61777;42,25428;125,9899;-39,11463;42,8885;127,0229;-39,28151;42,74158;126,7774;-50,83036;48,11096;117,6754;-48,89593;49,76104;115,1107;-45,24692;48,35917;113,051;-41,45314;47,32838;111,0692;-41,27539;47,47226;111,3107;-57,19304;52,01788;109,4315;-49,45232;47,76514;114,3061;-40,65245;46,40642;112,2376;-33,709;44,19066;107,6921;-33,48957;44,34024;108,0065;-68,87744;56,37514;95,14907;-51,61142;49,40196;111,7247;-48,34969;48,20691;109,959;-46,09954;45,61129;105,7745;-45,89748;45,81539;106,0567;0;0;0;-107,4371;131,1663;-36,9443;-166,233;115,384;-73,83473;-194,9636;95,14499;-94,24643;-209,3717;78,01488;-105,8118;-11,52268;84,73615;9,493141;381,5439;90,55411;237,1345;632,5996;123,6397;388,1196;763,3298;123,0289;463,3592;864,5572;107,1341;518,6848;112,0423;28,33156;69,96704;569,7363;5,818472;329,4605;921,5938;-60,22892;519,6689;1105,486;-125,6913;613,1863;1249,601;-203,6974;681,3905;225,4107;-15,64479;126,9308;705,6112;-63,91439;394,4912;1010,785;-119,9073;559,7057;1166,868;-203,9928;633,6477;1289,333;-324,522;681,2766;334,8507;-62,01754;181,1742;806,8254;-135,3195;439,2278;1062,385;-184,4866;577,1634;1189,21;-227,045;642,1586;1326,403;-297,6579;707,7888;0;0;0;-1,677275;0,624418;-0,370145;-3,318071;1,81818;-0,82612;-4,688501;2,854943;-1,308918;-5,716323;3,64387;-1,705885;-1,349151;0,563264;-0,61959;-2,703666;1,46234;-2,985477;-3,673553;2,422571;-4,916667;-4,262924;-2,040624;-5,999565;-4,697799;-9,138822;-7,381438;-0,921249;0,482798;-0,938058;-2,045631;1,332968;-3,458977;-3,067016;2,413988;-5,956649;-3,650665;3,006935;-7,298469;-4,154205;3,497601;-8,379935;-0,523567;0,407606;-1,227379;-1,298904;1,130462;-3,673553;-1,836776;1,911163;-5,659103;-2,208709;2,361774;-6,74057;-2,580642;2,768039;-7,650374;-0,144482;0,335813;-1,509905;-0,480652;0,865459;-3,699302;-2,162933;1,757383;-5,430221;-3,04985;2,215862;-6,317139;-4,068374;2,74229;-7,281302;11,0806;14,65049;15,0753;16,03663;15,89856;41,64828;3,09402;1,38621;2,272623;-2,691009;3,585285;3,804211;-8,382533;3,521144;5,204206;5,264326;-7,595201;3,551209;10,31256;10,16972;-9,939904;3,410649;4,591243;5,312679;0;0;0;0;-0,030999;-0,117874;1,756925;1,583662;0;0;0;0;-0,060425;0,003319;-0,001144;-0,001144;0,238552;-0,010343;-0,002575;0;6,773757;-3,103637;0;-0,508118;-3,719902;-12,57419;105,4155;95,01971;-7,759094;0;-0,135613;-0,133896;-7,903289;0,398254;-0,068665;-0,068665;3,98941;-0,20771;-0,001717;0,132179
151;2416;00:00:02:496;0;0;0;-1,729294;-2,136037;4,237451;-3,51774;-2,932873;8,573359;-5,234148;-3,507545;12,23344;-6,610056;-3,914085;15,00709;-2,178162;-1,412269;3,463493;-8,729273;-1,459145;7,222313;-13,11038;-1,772272;9,778133;-15,39487;-1,804486;11,22716;-17,16654;-1,716253;12,45142;-2,762671;-0,507243;2,455595;-9,596723;-0,081934;5,640325;-14,6399;0,676582;8,03262;-17,26551;1,306169;9,461764;-19,31574;2,000351;10,73837;-3,313166;0,260669;1,506199;-9,801338;1,115252;3,820748;-14,23917;1,742507;5,998067;-16,50764;2,475542;7,461415;-18,3005;3,451572;8,978403;-3,837415;1,033455;0,602142;-9,488626;2,305244;1,781786;-13,06974;2,891984;3,384974;-14,84067;3,320081;4,28502;-16,74986;3,967854;5,40329;-45,77565;44,07492;124,1564;15,5443;18,91702;-115,3557;18,63838;18,91702;-115,3557;20,17351;18,86911;-114,8951;20,17351;18,86911;-114,8951;-46,15562;44,07492;124,1564;-47,6487;41,7067;125,3242;-43,64708;42,25427;125,9899;-39,1706;42,88889;127,0225;-39,33736;42,74181;126,7771;-50,83036;48,11096;117,6754;-48,89593;49,76104;115,1107;-45,24692;48,35917;113,051;-41,45314;47,32838;111,0692;-41,27539;47,47226;111,3107;-57,19304;52,01788;109,4315;-49,45232;47,76514;114,3061;-40,65245;46,40642;112,2376;-33,709;44,19066;107,6921;-33,48957;44,34024;108,0065;-68,87744;56,37514;95,14907;-51,61142;49,40196;111,7247;-48,34969;48,20691;109,959;-46,09954;45,61129;105,7745;-45,89748;45,81539;106,0567;0;0;0;-107,4371;131,1663;-36,9443;-166,233;115,384;-73,83473;-194,9636;95,14499;-94,24643;-209,3717;78,01488;-105,8118;-11,52268;84,73615;9,493141;381,5439;90,55411;237,1345;632,6033;123,6463;388,1271;763,3105;123,0555;463,3293;864,4938;107,1876;518,6092;112,0423;28,33156;69,96704;569,7363;5,818472;329,4605;921,5938;-60,22892;519,6689;1105,486;-125,6913;613,1863;1249,601;-203,6974;681,3905;225,4107;-15,64479;126,9308;705,6112;-63,91439;394,4912;1010,787;-119,9105;559,7095;1166,87;-203,9978;633,6537;1289,336;-324,5285;681,2844;334,8507;-62,01754;181,1742;806,8254;-135,3195;439,2278;1062,381;-184,4766;577,1508;1189,203;-227,0298;642,1396;1326,395;-297,637;707,7625;0;0;0;0;0;0;0;0;0;0;0;0;0;0;0;0;0;0;0;0;0;0,226021;0,394106;0,44775;-1,152992;1,595736;-1,793861;-3,80516;3,211498;-4,537582;0;0;0;0;0;0;0;0;0;0;0;0;0;0;0;0;0;0;0;0;0;0,091553;-0,192404;0,228882;0,148773;-0,297546;0,357628;0,177383;-0,389099;0,466347;0;0;0;0;0;0;-0,240326;0,60153;-0,75531;-0,360489;0,909805;-1,141548;-0,492096;1,253128;-1,576424;11,08157;14,65049;15,0753;16,03663;15,89856;41,64828;3,09402;1,38621;2,272623;-2,691009;3,556003;3,777765;-8,382533;3,521144;5,204206;5,264326;-7,595201;3,551209;10,31256;10,16972;-9,939904;3,410649;4,591243;5,312679;0;0;0;0;0;0;-1,756925;-1,586766;0;0;0;0;0;0;0;0;0;0;0;0;0;0;0;0;1,859951;7,072448;-210,831;-190,2257;0;0;0;0;3,625488;-0,199127;0,068665;0,068665;-14,31312;0,620556;0,154495;0
152;2432;00:00:02:512;0;0;0;-1,729294;-2,136037;4,237451;-3,51774;-2,932873;8,573359;-5,234148;-3,507545;12,23344;-6,610056;-3,914085;15,00709;-2,178162;-1,412269;3,463493;-8,729273;-1,459145;7,222313;-13,11038;-1,772272;9,778133;-15,39487;-1,804486;11,22716;-17,16654;-1,716253;12,45142;-2,762671;-0,507243;2,455595;-9,596723;-0,081934;5,640325;-14,6399;0,676582;8,03262;-17,26551;1,306169;9,461764;-19,31574;2,000351;10,73837;-3,313166;0,260669;1,506199;-9,801338;1,115252;3,820748;-14,23917;1,742507;5,998067;-16,50764;2,475542;7,461415;-18,3005;3,451572;8,978403;-3,837415;1,033455;0,602142;-9,488626;2,305244;1,781786;-13,06974;2,891984;3,384974;-14,84067;3,320081;4,28502;-16,74986;3,967854;5,40329;-45,77565;44,07492;124,1564;15,5443;18,91702;-115,3557;18,63838;18,91702;-115,3557;20,17351;18,86911;-114,8951;20,17351;18,86911;-114,8951;-46,15562;44,07492;124,1564;-47,6487;41,7067;125,3242;-43,64708;42,25427;125,9899;-39,1706;42,88889;127,0225;-39,33736;42,74181;126,7771;-50,83036;48,11096;117,6754;-48,89593;49,76104;115,1107;-45,24692;48,35917;113,051;-41,45314;47,32838;111,0692;-41,27539;47,47226;111,3107;-57,19304;52,01788;109,4315;-49,45232;47,76514;114,3061;-40,65245;46,40642;112,2376;-33,709;44,19066;107,6921;-33,48957;44,34024;108,0065;-68,87744;56,37514;95,14907;-51,61142;49,40196;111,7247;-48,34969;48,20691;109,959;-46,09954;45,61129;105,7745;-45,89748;45,81539;106,0567;0;0;0;-107,4371;131,1663;-36,9443;-166,233;115,384;-73,83473;-194,9636;95,14499;-94,24643;-209,3717;78,01488;-105,8118;-11,52268;84,73615;9,493141;381,5439;90,55411;237,1345;632,6033;123,6463;388,1271;763,3364;123,122;463,3718;864,5656;107,3552;518,7105;112,0423;28,33156;69,96704;569,7363;5,818472;329,4605;921,5938;-60,22892;519,6689;1105,486;-125,6913;613,1863;1249,601;-203,6974;681,3905;225,4107;-15,64479;126,9308;705,6112;-63,91439;394,4912;1010,787;-119,9105;559,7095;1166,87;-203,9978;633,6537;1289,336;-324,5285;681,2844;334,8507;-62,01754;181,1742;806,8254;-135,3195;439,2278;1062,381;-184,4766;577,1508;1189,203;-227,0298;642,1396;1326,395;-297,637;707,7625;0;0;0;0;0;0;0;0;0;0;0;0;0;0;0;0;0;0;0;0;0;0;0;0;1,553535;3,989696;2,549171;4,3087;10,05649;6,079673;0;0;0;0;0;0;0;0;0;0;0;0;0;0;0;0;0;0;0;0;0;0;0;0;0;0;0;0;0;0;0;0;0;0;0;0;0;0;0;0;0;0;0;0;0;11,08157;14,65049;15,0753;16,03663;15,89856;41,64828;3,09402;1,38621;2,272623;-2,691009;3,556003;3,777765;-8,382533;3,521144;5,204206;5,264326;-7,595201;3,551209;10,31256;10,16972;-9,939904;3,410649;4,591243;5,312679;0;0;0;0;0;0;0;0;0;0;0;0;0;0;0;0;0;0;0;0;0;0;0;0;0;0;105,4155;95,20596;0;0;0;0;0;0;0;0;0;0;0;0
153;2448;00:00:02:528;0;0;0;-1,729294;-2,136037;4,237451;-3,51774;-2,932873;8,573359;-5,234148;-3,507545;12,23344;-6,610056;-3,914085;15,00709;-2,178162;-1,412269;3,463493;-8,729273;-1,459145;7,222313;-13,11038;-1,772272;9,778133;-15,39487;-1,804486;11,22716;-17,16654;-1,716253;12,45142;-2,762671;-0,507243;2,455595;-9,596723;-0,081934;5,640325;-14,6399;0,67659;8,032611;-17,26551;1,30618;9,461748;-19,31574;2,000365;10,73835;-3,313166;0,260669;1,506199;-9,801338;1,115252;3,820748;-14,23914;1,742461;5,998123;-16,5076;2,47547;7,461503;-18,30046;3,451477;8,978518;-3,837415;1,033455;0,602142;-9,488626;2,305244;1,781786;-13,06858;2,894525;3,38663;-14,8388;3,3239;4,287467;-16,74703;3,973079;5,406552;-45,77565;44,07492;124,1564;15,5443;18,91702;-115,3557;18,63838;18,91702;-115,3557;20,17351;18,86911;-114,8951;20,17351;18,86911;-114,8951;-46,15562;44,07492;124,1564;-47,6487;41,7067;125,3242;-43,64708;42,25427;125,9899;-39,1706;42,88889;127,0225;-39,33736;42,74181;126,7771;-50,83036;48,11096;117,6754;-48,89605;49,76113;115,1106;-45,24704;48,35926;113,0508;-41,45326;47,32845;111,069;-41,27551;47,47235;111,3105;-57,19304;52,01788;109,4315;-49,45159;47,76457;114,3071;-40,6517;46,40585;112,2386;-33,70822;44,19016;107,6931;-33,4888;44,33971;108,0075;-68,87744;56,37514;95,14907;-51,56457;49,40196;111,7247;-48,30396;48,20784;109,9575;-46,05615;45,61448;105,7699;-45,8539;45,81844;106,0524;0;0;0;-107,4371;131,1663;-36,9443;-166,233;115,384;-73,83473;-194,9636;95,14499;-94,24643;-209,3717;78,01488;-105,8118;-11,52268;84,73615;9,493141;381,5439;90,55411;237,1345;632,6033;123,6463;388,1271;763,3364;123,122;463,3718;864,5656;107,3552;518,7105;112,0423;28,33156;69,96704;569,7363;5,818472;329,4605;921,5944;-60,22891;519,6688;1105,487;-125,6913;613,1861;1249,602;-203,6974;681,3903;225,4107;-15,64479;126,9308;705,6112;-63,91439;394,4912;1010,783;-119,9104;559,7101;1166,863;-203,9976;633,6547;1289,327;-324,5282;681,2855;334,8507;-62,01754;181,1742;806,8254;-135,3195;439,2278;1062,374;-184,671;577,1403;1189,192;-227,323;642,1158;1326,377;-298,0403;707,7134;0;0;0;0;0;0;0;0;0;0;0;0;0;0;0;0;0;0;0;0;0;0;0;0;0;0;0;0;0;0;0;0;0;0;0;0;0,040054;0,000358;-0,005722;0,068665;0,000715;-0,011444;0,085831;0,001431;-0,014305;0;0;0;0;0;0;-0,268936;0,007868;0,031471;-0,417709;0,011444;0,060081;-0,543594;0,015736;0,068665;0;0;0;0;0;0;-0,383377;-11,66367;-0,632286;-0,669479;-17,591;-1,42765;-1,081467;-24,19853;-2,943992;11,08157;14,65051;15,07517;16,03546;15,89856;41,64828;3,09402;1,38621;2,272623;-2,691009;3,556003;3,777765;-8,38265;3,521088;5,204168;5,264326;-7,594323;3,551209;10,31259;10,16976;-9,939924;3,458306;4,591286;5,312716;0;0;0;0;0;0;0;0;-0,007038;-0,003333;-0,00226;0;0,0527;0;0,002289;0,002289;-0,001202;2,859463;0,002575;0,002203;0;0;0;0;0;0;0;0;-0,422287;-0,199986;-0,135613;0;3,162002;0;0,137329;0,137329;-0,072098;171,5678;0,154495;0,132179
154;2464;00:00:02:544;0;0;0;-1,728528;-2,136711;4,237423;-3,516506;-2,93506;8,573246;-5,232537;-3,511046;12,23329;-6,608163;-3,918598;15,00694;-2,177573;-1,412905;3,463605;-8,728205;-1,460932;7,223239;-13,10908;-1,774923;9,779363;-15,39345;-1,807602;11,22856;-17,16503;-1,719742;12,45297;-2,762307;-0,507828;2,455883;-9,596005;-0,083636;5,641519;-14,63874;0,673574;8,035157;-17,26412;1,302449;9,465038;-19,31416;1,99605;10,74226;-3,313005;0,260132;1,506644;-9,800981;1,113736;3,822104;-14,23837;1,739733;6,000679;-16,5066;2,472064;7,464741;-18,29927;3,447473;8,982364;-3,837452;1,032964;0,602741;-9,488653;2,303996;1,783239;-13,06839;2,892513;3,388833;-14,83852;3,321496;4,290059;-16,74663;3,97023;5,409592;-45,7725;44,06545;124,1649;15,53321;18,92931;-115,3486;18,62727;18,92931;-115,3487;20,16251;18,88148;-114,888;20,16252;18,88148;-114,888;-46,15248;44,06546;124,1649;-47,6493;41,69836;125,3309;-43,64782;42,24594;125,9966;-39,17156;42,88055;127,029;-39,33827;42,73346;126,7837;-50,82541;48,10181;117,6854;-48,88278;49,74658;115,1311;-45,23336;48,34503;113,0715;-41,43914;47,31455;111,0898;-41,26143;47,45841;111,3313;-57,18559;52,00931;109,4437;-49,43843;47,74987;114,3277;-40,63812;46,39149;112,2593;-33,69362;44,17656;107,7141;-33,47425;44,32606;108,0285;-68,8656;56,36797;95,16523;-51,55398;49,39046;111,7413;-48,29309;48,19658;109,9741;-46,04468;45,60374;105,7866;-45,84245;45,80766;106,0692;0;0;0;-107,4371;131,1663;-36,9443;-166,2492;115,4332;-73,83276;-194,9939;95,23642;-94,24227;-209,4131;78,13861;-105,8059;-11,52268;84,73615;9,493141;381,5439;90,55411;237,1345;632,6118;123,6592;388,1268;763,3493;123,1418;463,3718;864,582;107,3805;518,7111;112,0423;28,33156;69,96704;569,7363;5,818472;329,4605;921,5455;-60,22958;519,6765;1105,412;-125,6923;613,1983;1249,505;-203,6987;681,4056;225,4107;-15,64479;126,9308;705,6112;-63,91439;394,4912;1010,735;-119,9063;559,7129;1166,79;-203,9911;633,6588;1289,231;-324,5198;681,2907;334,8507;-62,01754;181,1742;806,8254;-135,3195;439,2278;1062,286;-184,823;577,0441;1189,053;-227,5515;641,9738;1326,169;-298,353;707,5244;0;0;0;0;0;0;-0,971317;2,951145;0,118017;-1,821041;5,486011;0,249624;-2,483368;7,424354;0,354052;0;0;0;0;0;0;0,50354;0,776052;-0,015736;0,772476;1,18947;0;0,989914;1,517773;0,034332;0;0;0;0;0;0;-2,935409;-0,039697;0,463486;-4,537582;-0,060081;0,732422;-5,825042;-0,077248;0,92411;0;0;0;0;0;0;-2,843857;0,248909;0,1688;-4,411697;0,384808;0,243187;-5,7621;0,507832;0,311852;0;0;0;0;0;0;-5,270004;-9,123801;-5,773544;-8,382796;-13,70716;-8,517264;-12,45689;-18,75973;-11,34396;11,08175;14,64967;15,07437;16,03531;15,88675;41,65071;3,094147;1,386069;2,271072;-2,693481;3,556003;3,777817;-8,374212;3,521144;5,204206;5,264289;-7,585454;3,550823;10,31258;10,16972;-9,935492;3,45808;4,591243;5,312716;-0,708675;0,145798;0,007596;-0,008469;-0,09304;-0,148315;0;0,003104;0,506287;0,003333;0,00226;-0,002232;0,532093;-0,023174;-0,001144;-0,002289;0,265961;-0,01359;-0,002575;0;-42,52052;8,747863;0,455761;-0,508118;-5,582427;-8,898925;0;0,186253;30,79948;0,399971;0,271225;-0,133896;28,76358;-1,390457;-0,205994;-0,274658;16,02974;-172,3832;-0,30899;-0,132179
155;2480;00:00:02:560;0;0;0;-1,728528;-2,136711;4,237423;-3,51651;-2,935098;8,573237;-5,232546;-3,511118;12,23328;-6,608175;-3,918693;15,00692;-2,177573;-1,412905;3,463605;-8,728205;-1,460932;7,223239;-13,10884;-1,775045;9,77976;-15,39307;-1,80779;11,22917;-17,16454;-1,719982;12,45374;-2,762307;-0,507828;2,455883;-9,596005;-0,083636;5,641519;-14,63874;0,673574;8,035157;-17,26412;1,302449;9,465038;-19,31416;1,99605;10,74226;-3,313005;0,260132;1,506644;-9,800981;1,113736;3,822104;-14,23848;1,73998;6,000381;-16,50678;2,472446;7,464281;-18,2995;3,447973;8,981762;-3,837452;1,032964;0,602741;-9,488653;2,303996;1,783239;-13,06839;2,892513;3,388833;-14,83852;3,321496;4,290059;-16,74663;3,97023;5,409592;-45,7725;44,06545;124,1649;15,53311;18,92973;-115,3485;18,62718;18,92973;-115,3485;20,16242;18,8819;-114,8878;20,16243;18,8819;-114,8878;-46,15248;44,06546;124,1649;-47,64423;41,6946;125,3354;-43,64276;42,24213;126,0011;-39,16655;42,87668;127,0335;-39,33324;42,7296;126,7882;-50,82541;48,10181;117,6854;-48,88278;49,74658;115,1311;-45,23336;48,34503;113,0715;-41,43914;47,31455;111,0898;-41,26143;47,45841;111,3313;-57,18559;52,00931;109,4437;-49,4423;47,75286;114,3224;-40,64204;46,39439;112,2541;-33,6977;44,17924;107,7089;-33,47833;44,32877;108,0233;-68,8656;56,36797;95,16523;-51,55398;49,39046;111,7413;-48,29309;48,19658;109,9741;-46,04468;45,60374;105,7866;-45,84245;45,80766;106,0692;0;0;0;-107,4831;131,2067;-36,94262;-166,3241;115,5665;-73,82601;-195,0923;95,45058;-94,2336;-209,5289;78,41489;-105,7968;-11,55806;84,77429;9,486459;381,4798;90,66131;237,079;632,5067;123,8076;388,0524;763,2229;123,3124;463,2863;864,4389;107,569;518,616;112,0205;28,36666;69,94974;569,6932;5,920552;329,3889;921,4756;-60,04861;519,5237;1105,328;-125,4685;613,0009;1249,41;-203,4397;681,1714;225,401;-15,61257;126,9041;705,5897;-63,82344;394,4098;1010,713;-119,7433;559,5563;1166,767;-203,7879;633,4596;1289,208;-324,281;681,0537;334,853;-61,98808;181,1383;806,8271;-135,2446;439,1406;1062,276;-184,7023;576,9119;1189,036;-227,4072;641,8182;1326,145;-298,182;707,342;0;0;0;-2,758741;2,429008;0,100493;-4,496097;8,002995;0,405192;-5,900859;12,84921;0,520349;-6,949425;16,57677;0,547171;-2,122968;2,288818;-0,40099;-3,846645;6,431937;-3,333092;-6,305695;8,902787;-4,463195;-7,584571;10,23602;-5,126953;-8,58879;11,30819;-5,70774;-1,308918;2,105713;-1,037836;-2,580642;6,124779;-4,297256;-4,194259;10,85758;-9,166717;-5,029678;13,42964;-11,84463;-5,704879;15,53821;-14,05048;-0,579357;1,932978;-1,603603;-1,290321;5,457043;-4,885196;-1,356125;9,77683;-9,395598;-1,373291;12,19797;-11,94763;-1,367569;14,328;-14,22215;0,134468;1,768112;-2,157211;0,102997;4,493951;-5,23281;-0,652313;7,243394;-7,927894;-1,029968;8,656024;-9,335517;-1,430511;10,25677;-10,94055;11,08106;14,6497;15,07506;16,03534;15,88625;41,65086;3,09402;1,38621;2,276151;-2,691446;3,556003;3,777817;-8,374212;3,521144;5,204206;5,264289;-7,590058;3,551044;10,31259;10,16972;-9,935492;3,45808;4,591243;5,312716;-0,029926;0,009155;-0,007596;0,008469;0,304728;0,122137;0;0;0;0;0;0;-0,276203;0,013247;0,001144;0;0;0;0;0;40,72494;-8,198546;-0,911522;1,016235;23,86608;16,22715;0;-0,186253;-30,3772;-0,199986;-0,135613;0,133896;-48,49777;2,185249;0,137329;0,137329;-15,95764;0,815391;0,154495;0
